3.898727
3.961531
3.593634
3.538227
4.091954
4.333479
2.579435
3.627667
3.935956
3.368143
3.331506
3.822671
3.751063
4.887553
3.099569
2.836837
2.804597
3.095653
3.698018
3.725740
4.335359
3.388543
2.721963
2.684517
2.431353
4.028958
3.923236
2.919155
3.379379
3.954385
4.198306
4.472457
3.738597
3.597438
3.000350
4.142070
3.607437
2.522334
3.307954
3.583152
3.678152
2.804321
3.299443
3.904982
4.212376
3.152796
4.007979
3.933370
4.330129
3.433204
3.650101
4.390920
3.708873
4.156906
4.162723
4.173728
3.894341
4.103690
4.000949
3.367872
3.986011
3.897134
3.830859
3.477479
3.729332
3.226461
3.331602
3.692862
3.346382
3.697026
2.671308
4.120253
3.657310
3.282989
3.197279
2.488204
3.297102
3.812208
4.131893
3.674080
3.013321
4.205950
4.407452
3.909984
4.744071
3.113200
2.726415
3.261990
1.996562
4.280467
3.038665
4.609878
4.277642
4.354888
4.236728
3.916962
3.326821
4.025982
3.168023
3.773131
3.959191
3.802591
3.847753
3.188305
2.773195
2.980848
3.017747
4.524308
4.015271
3.366797
4.042889
3.985152
3.216438
4.102759
3.549300
2.856175
4.292360
4.581007
1.951030
3.992199
4.087523
3.697920
2.785525
3.868196
3.004631
4.053482
2.802844
3.337739
4.280323
3.086404
3.354906
3.680398
2.975681
3.731497
4.427328
3.201124
3.694540
3.991510
3.844138
3.179267
4.029911
3.422215
3.818025
4.605081
3.882706
3.850373
4.099652
2.552275
2.847174
3.163089
3.897505
3.108357
2.524375
4.046340
4.522049
2.358048
4.021175
4.180589
1.634449
3.285510
3.103221
3.427756
3.646830
2.433563
3.454746
3.717448
3.549163
3.455558
2.264304
4.197816
3.777148
4.113591
3.713009
4.117364
2.319500
3.214689
2.738845
3.157613
3.885237
2.552083
3.396010
2.847201
3.335384
3.713677
4.166043
3.073907
2.475859
3.039518
3.900843
2.915462
4.175867
2.681457
4.493391
4.276516
4.532071
4.197829
3.427894
4.118605
2.749162
3.879542
4.203812
4.132101
4.409633
3.443318
3.988614
3.265677
3.301992
4.839982
3.585471
3.688393
3.545073
4.017105
2.080217
3.347369
3.900341
3.897472
3.599762
3.910127
3.785708
3.940850
3.766343
3.832886
4.036752
4.139501
2.648057
4.050216
3.013217
3.035408
4.055747
3.444136
3.841280
4.210891
4.315812
3.333368
3.310436
4.164095
3.887086
3.367166
4.205675
3.089739
2.931506
3.470754
3.593877
2.397625
4.076750
3.842971
2.772950
3.922804
3.673649
2.191380
4.107146
3.869843
4.307948
3.492959
4.072342
3.564728
2.256235
3.163367
2.203990
3.481267
4.020015
4.778810
3.568987
4.456058
3.349338
4.107888
3.771705
3.392425
3.488293
1.935086
3.509469
3.683298
3.904547
2.573546
4.016588
3.476762
4.497007
4.059239
3.158499
2.901509
3.644578
4.200074
4.041187
4.389329
2.234412
3.625237
3.449394
3.975360
3.880914
3.197092
2.966187
2.658010
3.219223
4.050034
3.224666
4.050666
4.134993
3.645177
4.564335
4.341061
2.531871
3.849478
3.594791
3.863889
3.215681
3.164589
3.982544
3.609186
3.099253
2.801185
2.756226
3.525167
2.697138
3.513635
3.897440
2.978920
3.598845
3.610814
4.442978
3.912265
3.996984
3.612406
4.280370
4.096404
3.614693
4.561076
2.559125
4.478410
2.951973
3.533515
3.555343
4.085226
3.672900
3.587753
2.249520
4.035907
4.452184
3.862990
2.308320
3.914203
3.345010
2.845695
3.551522
3.370885
2.996436
2.487426
3.006240
3.525956
2.831487
3.097215
3.328367
3.762615
3.494296
4.464553
2.749103
3.509844
2.261978
3.742109
3.485499
4.493415
3.093936
3.659065
3.430074
4.005794
3.444798
4.526409
3.259922
4.605637
3.426606
3.611869
2.915804
3.374235
4.420636
3.228951
3.009156
4.271911
3.530521
3.475181
3.356549
2.586600
4.180579
3.280094
3.256401
3.830253
3.876697
4.196873
4.187623
3.398024
2.699708
2.592642
2.769841
3.148086
3.861755
3.600718
3.378047
3.695960
3.541386
3.639981
2.696776
4.232530
2.538889
3.630738
3.635696
3.354332
4.441087
4.507649
3.940932
2.587975
3.947298
3.124858
3.301947
4.035425
3.679744
3.607658
3.520272
4.261559
4.412797
4.289051
3.517424
3.893867
3.811998
3.627176
2.997504
3.847762
2.980820
3.175290
3.862341
3.360064
3.379207
4.132429
3.511729
2.684481
3.444204
3.191010
3.592118
4.764010
3.967865
3.454349
2.952880
3.862098
2.666132
4.119485
3.672254
3.089741
3.356676
4.300446
2.885336
4.033312
2.895742
3.561105
3.804744
4.813533
3.775775
3.399755
2.688696
3.693146
4.171946
3.197849
2.870304
3.543472
3.626905
2.827153
3.073105
3.627950
4.281283
4.069308
2.347285
3.304659
4.108331
2.950334
3.149154
3.839170
2.825640
3.803679
3.498047
3.792569
3.417463
3.956393
3.189134
2.169465
3.705501
2.708252
3.687395
3.500871
3.498609
4.097118
3.873220
3.241277
4.154949
4.108141
3.595485
2.894148
3.716334
4.272784
4.069064
4.457743
3.417381
3.558916
4.399360
3.196697
3.901362
3.297856
4.812006
3.963070
3.034766
3.186257
4.074296
3.664148
4.644337
2.899639
3.618713
3.093009
1.671153
3.814257
2.641167
3.948056
3.880860
3.668156
4.662975
3.001833
4.156537
3.423751
3.783933
3.011884
3.450164
3.468047
3.969142
3.476176
3.311298
3.605115
3.087045
3.952474
3.348701
4.521487
4.391068
4.161585
4.290076
3.969467
3.709592
3.091834
3.795104
3.550209
3.991319
3.040628
2.868314
3.496048
3.431827
3.475346
4.134466
2.977071
3.022960
2.896479
4.110928
2.651340
2.777112
4.064650
4.104948
3.742132
3.948263
3.385971
4.098669
4.046044
4.132516
3.863699
3.741172
3.564431
4.344596
3.719848
4.343337
3.536029
3.674177
4.106389
4.214330
2.921135
4.359641
4.512078
3.822771
3.544064
3.994260
4.482640
3.485296
3.025220
3.857277
3.780462
1.985542
3.878556
2.340943
4.294740
4.145683
4.000330
3.580725
3.716329
4.016317
3.386714
3.919324
3.776011
3.733771
3.616028
3.539730
2.885090
2.561164
4.380811
2.790014
4.124540
3.316265
3.929049
4.341429
2.806425
4.396648
3.653777
4.073347
3.914982
3.749551
3.298780
3.844105
3.284624
3.530973
3.237722
3.336154
4.834439
3.366681
3.366795
2.332551
4.673959
3.608608
2.434490
3.406245
3.540449
3.325106
4.284401
4.055863
3.913881
3.974079
2.228558
3.857740
2.827221
3.739223
3.493994
4.588765
3.700383
2.717044
3.451128
2.630121
1.970489
3.613326
3.182854
3.215938
3.547722
4.163956
4.178693
2.258671
3.223246
3.967448
3.371296
3.455478
3.821998
3.660395
2.252484
3.729332
2.895579
4.103706
3.929463
2.917415
3.231454
3.947349
4.475099
3.998780
3.997034
2.878494
3.794126
4.359486
4.336488
2.854010
3.377078
3.172113
2.817836
4.220472
3.344401
2.760191
3.161420
3.094735
3.681669
3.569861
3.404651
3.326255
2.973362
3.578818
4.062474
3.708495
3.046694
3.545014
4.034191
3.915608
3.766304
3.653104
4.342161
3.855454
4.309739
3.085465
3.499383
3.188128
4.065998
4.355049
3.230336
3.652631
4.222721
3.556486
1.713802
4.226998
2.673221
3.225276
3.682138
4.047963
3.923281
4.286534
4.196616
3.905383
4.081054
4.061736
2.535398
4.161427
3.216123
4.013779
3.772442
3.641647
2.842845
3.608956
3.106130
3.418993
2.754488
3.144165
3.741913
2.687142
3.407873
3.674335
3.350964
3.270611
3.405904
4.213823
3.341425
4.945395
3.716039
3.406922
2.614062
3.617508
3.774420
2.983503
3.938948
3.477638
3.378778
4.061975
3.073757
3.952067
3.049168
2.757664
3.435766
2.317884
3.081888
4.199338
3.805553
3.700546
3.261578
3.717902
3.835511
3.528967
3.467385
4.326551
3.810699
3.898405
3.868952
3.877755
1.403493
3.439429
4.266619
4.175012
3.378476
3.374106
2.755791
3.770890
4.100055
3.623040
4.402984
3.203542
3.099529
1.292117
2.824481
3.137711
4.098606
2.909523
3.547509
1.913505
3.721800
4.203048
3.019957
2.512480
3.758234
3.824074
2.905743
3.538677
4.082999
3.776098
3.978972
2.167662
3.539304
3.396818
3.897994
3.454624
4.218656
3.397049
4.013144
2.924294
3.299773
4.148969
4.414606
2.493917
3.489399
4.647336
3.663586
4.065299
3.769126
3.495586
3.488474
4.061915
3.967399
2.754009
2.425710
3.366640
3.565841
3.405451
3.931283
3.951553
3.493830
3.117502
3.289166
3.676447
4.614424
3.381227
3.430313
3.728987
3.753838
3.455864
3.110669
3.929834
3.140624
3.450520
3.291809
3.872953
3.567110
4.160457
3.395365
3.629466
4.314957
3.210119
4.062847
4.744172
2.213436
3.838122
2.554908
2.369159
3.454902
2.925927
4.109809
3.873346
3.223708
3.933437
3.774763
3.747574
3.981991
3.384968
3.506254
3.655455
4.119224
3.152526
3.241209
3.103572
3.301504
4.170339
3.654018
3.651191
3.367315
3.586385
4.285674
2.315548
3.812558
4.484718
3.305290
2.539215
3.307749
4.132073
3.068283
3.808163
2.570603
3.243516
3.706884
2.692480
3.960504
2.737139
3.911105
3.809121
3.729014
3.921944
3.462580
3.235583
4.434475
3.611022
2.908352
4.113180
4.276768
3.037058
3.346186
3.643911
3.246018
3.451251
3.830654
3.401382
4.021780
3.335968
2.583191
2.085173
2.735483
3.886067
3.271218
3.082948
3.331594
3.118397
2.682557
3.789701
4.013323
4.014898
2.604019
2.663771
3.885685
3.140553
2.653371
4.330212
3.574993
4.124586
3.852010
1.918922
2.985690
3.546663
4.125160
3.220164
3.414842
2.228978
1.870845
3.673598
3.339319
4.243379
2.978508
4.675073
3.876102
3.868472
2.529624
4.489445
4.247162
4.267140
3.002322
3.901979
4.501469
2.733918
3.971567
4.367145
3.584314
4.084369
3.660844
3.294525
3.231741
3.449742
4.106264
4.042992
4.287503
4.267152
3.984487
2.544471
4.004703
4.142844
2.975800
3.828831
2.590659
2.668923
3.771332
4.278015
4.213256
3.191888
3.024176
3.171693
3.296125
2.517775
4.256880
3.193883
4.727428
4.302718
4.508426
3.501754
3.188048
3.829527
3.648760
3.703912
3.217377
2.483343
3.598258
3.718207
3.512974
4.071389
4.360786
3.616364
3.937401
2.750597
4.338514
2.687454
3.158276
3.305725
3.229459
3.239413
3.591003
2.643991
3.629685
4.308457
3.196831
3.707670
3.447009
4.738298
4.195402
3.937805
2.090826
3.332474
3.435619
2.869651
4.129148
3.129523
3.640783
2.958815
2.963470
3.897760
3.526487
3.870440
3.898414
2.329359
2.500458
3.743105
2.713552
3.703425
3.403439
3.035886
3.477243
4.673352
2.831752
3.128216
3.763653
3.141869
3.381082
3.364858
4.072135
2.743621
3.928876
4.003219
4.111849
1.917306
4.622353
3.703278
3.400902
3.506119
3.931963
4.220735
3.216424
3.977352
2.674363
4.048086
4.368869
2.349019
2.229777
3.206420
3.072169
3.661390
3.631739
4.063201
3.801730
3.584938
3.368760
4.108297
4.409092
3.088610
1.794119
3.147501
3.568057
3.083911
1.737995
3.029320
3.540773
3.787425
3.966158
4.954318
3.886981
4.710975
3.239568
4.158988
3.212081
2.922758
2.861599
3.710045
3.598199
3.786544
3.579664
3.491791
2.960676
2.598591
3.102336
3.734543
4.015902
3.726861
3.266580
3.789928
2.816993
3.673476
3.470077
3.513648
3.837753
1.529316
4.206544
3.498171
2.938166
3.116653
3.921708
3.451903
3.763729
3.720279
2.474019
4.277665
3.891929
4.060080
3.777818
4.145460
2.813064
3.389334
3.653248
3.689576
2.813923
4.180913
4.204288
3.754877
3.259597
4.109693
4.140491
2.567310
3.570554
3.445484
3.300643
3.392340
4.374447
3.322566
4.001398
3.069352
3.903395
3.908190
3.488212
3.469721
2.991911
3.457725
4.342897
3.322375
2.387551
2.782789
2.678592
2.870044
2.289691
3.800290
3.759105
3.011948
4.822839
2.686771
3.639165
2.986946
3.943900
4.079822
4.179834
4.320755
3.112231
3.556697
4.336590
4.117872
3.511332
3.087720
4.186970
3.277854
4.350928
3.124567
3.890286
3.146975
2.562664
3.203871
3.841354
2.755088
3.867035
3.018443
2.482123
3.573098
3.993578
4.475705
3.016306
2.468001
3.435129
3.789301
2.268875
4.437041
3.900585
3.931648
3.650968
2.633038
2.962920
4.021104
2.287948
3.926918
2.547514
3.472640
3.525544
4.200883
3.563097
3.495388
4.642157
3.442642
2.956652
4.213013
3.815438
3.673699
3.507826
3.334407
3.691479
3.843323
4.042326
4.375538
2.737837
4.019213
2.842725
2.694348
3.647319
3.485487
3.592557
4.798453
4.552004
3.187338
2.700872
4.755660
2.342540
2.401660
3.478273
4.268825
3.820303
4.179002
3.774227
4.210056
4.192640
4.132708
3.225741
4.082409
3.197399
3.234765
2.806423
3.173641
3.208703
3.560044
3.694579
3.562810
3.048360
3.574651
2.958345
3.016867
3.754766
3.887878
4.162464
3.412628
3.870164
2.860996
2.484864
3.340548
3.980313
4.852484
4.184127
4.274317
2.927608
3.823114
2.421931
4.083558
2.762882
4.169682
3.742463
3.541056
3.704664
3.481885
2.739002
3.579998
3.618005
4.093199
2.228536
4.276299
4.164776
3.525056
3.825353
4.140722
3.899492
4.322305
4.067575
3.505411
3.596441
2.555202
4.178776
3.793529
3.459235
3.481966
3.795446
2.116528
2.804744
2.288065
3.636371
2.821991
2.766615
4.262260
3.572904
4.725320
4.101633
4.115667
2.751703
3.908488
3.179164
3.968892
4.045792
3.590642
2.509992
4.174116
3.540303
3.247588
3.735914
3.400272
2.754243
4.156251
2.871103
4.559151
3.740191
3.120566
3.851080
2.888292
3.544925
2.571100
3.619572
2.891704
3.883669
3.619888
3.119580
3.551954
3.905407
4.141357
3.748878
3.891144
3.892673
3.151090
3.848474
2.372021
4.000329
4.063956
3.673219
2.975668
3.886967
2.856291
3.188322
3.267327
4.400979
4.066918
3.374348
3.230977
3.595733
4.444641
3.408204
2.020025
3.553715
3.141346
4.136352
3.630875
2.384192
4.323746
3.630225
3.983018
3.001984
4.168689
3.603873
4.401776
3.863003
2.918915
3.452802
3.957923
2.149677
3.451544
3.156921
3.450983
3.900713
4.126120
2.872126
3.006659
3.386105
2.716696
3.051498
3.979269
3.150650
3.766007
2.822173
2.442877
3.194234
3.719350
3.391475
3.244233
3.652567
4.349745
2.318982
4.071481
3.480703
3.888533
2.637483
3.440078
3.071632
4.157910
3.941222
3.231849
3.917117
4.135629
4.343066
3.474860
4.217764
2.689837
3.580195
1.887200
3.650262
3.757630
4.037844
3.460301
2.845784
4.409096
3.804022
3.721247
3.833623
4.177929
3.016712
1.749574
4.626167
1.923704
3.947545
3.860103
3.184057
3.644158
3.980455
4.341575
3.279887
3.209264
4.509976
4.186388
3.393218
3.053356
3.165075
3.425876
2.808550
4.307981
3.826261
4.019733
2.852397
3.954521
3.085710
4.578481
3.945762
3.792424
1.711175
2.329062
3.699213
3.122248
4.087943
3.960258
2.904783
4.467925
2.613949
3.924257
2.680904
3.762332
3.878465
2.949691
4.522150
3.918226
3.643744
4.134411
3.735285
3.299831
3.794698
2.399780
3.583283
3.747651
4.186211
4.332703
3.518157
3.784157
3.277695
3.830194
3.375605
2.855104
3.453319
3.416536
3.524570
3.625663
2.888503
3.719561
3.106726
3.706358
3.148106
3.594260
4.641525
3.330460
3.085832
3.361792
4.202548
4.321769
3.722206
3.777286
3.753258
3.326308
3.119260
2.976561
2.295885
3.416333
3.948618
4.603326
3.878139
4.440446
3.383923
2.199867
4.209643
4.002236
3.367984
3.853271
4.290802
4.111445
3.809392
4.101129
3.825992
2.553711
4.033051
3.823137
4.068881
3.130842
3.967519
3.719116
2.005087
4.207529
3.443547
2.953126
2.942553
4.530023
4.147331
4.243168
4.151746
3.370033
3.789501
3.812609
3.354396
3.759480
3.228308
3.532919
3.310553
3.118922
3.997657
4.103988
4.240280
3.100160
3.755960
3.836871
3.359615
3.858792
2.553138
4.010737
3.936004
4.019064
3.248425
4.732288
3.609966
3.280290
3.205214
4.433657
3.746524
3.860682
3.832611
3.672382
3.247083
3.695733
4.690167
2.903015
2.219065
3.672567
3.651489
4.095251
3.745656
3.898419
3.143098
3.883187
1.367704
3.695426
3.613702
3.502784
3.842053
2.938202
2.635451
2.755745
4.268992
2.887303
3.155227
4.222579
4.305171
4.100347
3.558627
3.763999
2.925447
3.936105
3.387467
3.327363
4.268935
4.191075
4.216343
3.409923
3.131258
3.994463
4.146482
3.472326
3.002537
2.806616
4.038556
3.024691
4.110444
3.385923
2.243517
3.492711
2.237882
3.426824
3.853588
3.233331
4.041443
3.608368
4.120665
3.970038
3.160813
3.765458
3.374190
2.881704
3.871211
3.148487
4.266719
4.070278
2.666912
4.286337
3.638577
3.788603
4.037831
4.236509
1.838241
1.147492
3.054292
3.357859
2.952986
3.692785
4.087493
2.341218
2.854381
4.005013
2.518031
4.181590
2.908993
4.573423
3.226705
3.533041
3.731578
4.167943
3.312071
2.945581
2.781939
4.245744
3.393683
2.962492
3.235684
3.528533
2.506001
4.281557
3.921742
3.045002
4.499179
4.273547
3.323023
4.087281
3.959374
3.156804
3.315069
2.697121
3.310748
3.832219
3.752937
2.110216
3.798374
3.730618
3.898741
2.981812
3.641382
4.203349
4.293219
3.691422
4.651425
3.223516
2.374594
3.471759
3.776062
3.479136
4.037961
3.391299
4.041789
3.665118
3.218645
3.515168
3.361805
2.415809
3.199787
2.964258
2.411664
3.575059
3.912588
3.798307
3.522372
4.197325
3.911848
3.536530
3.685844
4.734653
3.120515
3.717121
4.149339
4.077406
3.363055
4.090667
3.439579
3.265467
2.459502
3.374698
3.470882
3.763613
4.229562
3.628421
3.731815
3.842431
3.357052
4.099706
3.858526
1.488185
3.934077
3.903711
3.739882
3.792500
2.971779
3.919904
4.444765
3.345376
5.000000
2.439265
4.636022
3.320078
3.234130
3.908537
3.468161
3.139221
3.919277
2.989364
2.537459
4.036972
3.682695
4.405053
4.022741
3.717160
4.183951
3.037171
3.654742
4.195807
3.271832
4.187246
4.278178
3.462521
3.536995
3.053185
3.726287
4.221309
3.962562
3.510052
3.688812
3.395461
4.187391
2.408878
3.863561
2.829019
3.941946
4.224214
3.037140
3.056775
4.286402
4.261085
3.707276
3.249374
3.371909
4.094597
3.348806
3.493514
4.488484
3.689135
2.956461
3.498539
3.339125
3.699997
3.630199
3.520150
3.007988
4.510491
4.097018
3.418245
3.841874
3.698071
3.974971
4.425654
3.192219
4.278848
3.783718
3.655158
2.960678
3.363135
2.971651
3.447479
4.249564
3.011095
3.805553
3.277183
3.597901
4.248987
3.953675
2.425094
3.158691
4.579989
3.770173
3.461118
3.268536
3.091940
3.690399
4.400281
3.699091
3.199966
2.328350
3.024370
3.388180
3.746921
4.192082
4.043876
3.883649
3.509734
3.399865
4.102684
3.507001
3.011685
4.066706
3.465541
3.936151
3.282992
2.877140
3.667076
3.394894
4.573122
3.832487
3.584550
4.047332
4.090583
2.330125
4.813654
3.924876
3.537040
3.480631
4.357528
1.946832
2.531644
3.436672
2.538851
3.572998
4.237414
4.149487
3.491484
4.306138
4.028231
4.199726
3.009557
2.335010
4.016786
3.704908
3.245809
3.523250
3.243313
3.993423
3.547874
3.578822
2.867296
3.510421
3.347046
4.302083
4.816745
3.544019
2.912852
3.872332
3.381019
3.330618
4.515789
3.587031
3.734117
4.555740
3.019546
4.356636
3.260940
2.433634
3.519677
3.996429
4.057377
4.003657
3.974072
3.581276
3.150698
4.065266
3.311302
4.548677
3.707329
2.957652
2.361572
3.757598
4.430653
3.027693
3.670856
3.639229
2.997520
4.015720
3.831320
2.408875
3.696714
4.153069
3.597404
3.617206
3.779965
3.066760
2.557832
3.469459
3.022301
3.319543
3.636166
4.153158
2.671110
3.502498
3.117524
3.396362
4.676489
2.696878
2.400000
3.627088
4.049611
3.908919
2.511158
4.495346
3.615803
3.493538
3.439748
2.788679
2.806335
2.603243
2.959505
3.255619
3.132687
3.789948
3.953757
3.330423
3.342762
4.121664
3.248695
2.250325
4.075194
3.839334
4.658989
3.805851
3.590130
3.647612
2.484592
2.868616
2.779025
2.823952
3.961898
3.770440
2.940201
3.398299
2.676179
4.344853
2.523263
3.500507
3.300070
2.891674
3.535767
3.696045
4.140692
4.220274
3.543200
4.049713
3.792151
2.867616
3.948805
3.118772
4.001872
4.314992
3.796883
3.278567
4.106433
3.404804
3.043389
3.506823
3.806096
3.417749
4.031960
4.123783
4.293375
3.364329
1.503932
3.883603
3.097836
4.390081
3.106240
4.138895
3.592337
1.465797
3.734790
2.168592
3.034177
3.054654
3.642330
3.695205
3.809996
2.982380
3.914427
2.473749
4.119319
4.787064
3.490361
2.977888
2.894564
3.703660
3.492142
3.675319
3.365641
3.836139
2.907044
3.691963
3.227852
2.708111
3.794073
3.881960
3.696208
4.483557
3.263572
2.702584
3.115857
4.222168
4.312485
3.394870
3.744625
3.405649
4.283211
3.826988
4.666324
3.775642
3.268646
3.448591
3.655789
2.904101
3.688089
2.973022
2.764004
2.621508
2.583776
3.748190
3.286654
3.615673
3.915855
3.515147
4.534481
4.284762
3.857215
3.771357
2.998423
3.420098
3.057913
4.091442
3.871012
4.498211
2.928738
3.533123
2.253438
4.153192
3.808365
1.990200
4.031735
4.082843
3.349720
3.410261
3.331188
3.524792
3.251062
3.147524
3.439856
2.956650
2.557940
3.701645
4.043011
3.653370
3.110527
2.548488
3.908956
3.088995
1.647132
3.709477
3.896230
2.345826
3.778515
3.344900
2.900881
3.161366
3.425606
3.390790
3.479693
3.656642
3.976012
3.543686
2.986250
3.011390
2.549691
3.012457
4.021879
2.939968
3.563698
3.961542
2.757855
2.769872
2.611321
4.019430
2.870650
3.369046
1.796572
4.191829
3.884562
3.364971
3.697552
3.664903
3.911097
3.905802
3.462776
4.073166
3.518753
2.878951
3.728064
3.597388
3.324064
4.048043
3.307029
2.961582
3.521941
2.933172
3.350870
4.067647
3.722713
4.130905
3.421802
2.363792
3.973780
4.358180
3.817949
4.233863
4.236145
3.268900
3.614806
4.759142
4.068328
2.944880
2.738936
4.074353
3.852434
3.662261
2.729772
3.402410
2.315767
4.637027
3.244711
3.017133
3.556063
2.622518
3.121363
3.397790
3.601938
3.507490
3.397292
3.059788
2.931983
4.000875
3.798028
3.346167
2.198345
3.215475
3.917850
2.871611
4.278930
3.862762
3.278216
5.000000
3.564969
4.112205
3.268992
2.381940
3.337225
3.637143
2.993294
3.993098
3.126132
2.867531
3.807624
3.100473
3.321534
1.000000
3.613928
3.027983
3.143942
3.053056
3.104511
1.739984
3.578392
3.588148
3.752083
3.892969
2.659451
3.502288
4.247973
3.184743
3.970431
3.222387
4.188489
3.139429
3.842069
2.277133
4.124682
4.404440
4.057390
2.405820
4.079651
3.309568
2.722551
4.163706
2.806202
4.544874
3.479344
2.994545
3.301814
2.990960
3.621632
3.359649
3.947311
3.714949
3.065592
1.842563
3.764551
3.614731
2.790335
3.705447
3.996252
4.383300
3.902294
4.523515
3.135038
3.640637
4.107166
2.601109
4.230104
2.897827
3.532111
3.041339
3.454477
2.397981
3.683197
2.513324
4.215257
3.655808
3.556704
3.704144
3.000564
2.748816
2.161640
2.996414
3.643216
3.274371
4.253817
3.458274
3.363923
4.174355
3.874221
3.504319
2.343820
3.737943
2.988564
3.969968
3.808215
3.082774
3.639692
3.509486
3.624895
3.751517
3.812609
3.646644
2.522184
3.213356
3.444877
2.289084
2.986018
4.448523
2.934369
1.672831
4.625769
3.129736
3.432087
3.062186
3.027772
1.650795
3.729339
3.649685
3.656726
3.053486
4.332147
2.943538
3.454552
3.680924
3.777155
1.681363
4.489611
2.803078
3.636490
3.183459
3.049494
2.923480
4.093012
3.653731
3.153770
4.309107
3.449993
3.777907
3.090686
3.615272
4.025615
3.538124
3.982803
3.481808
3.116982
3.378283
4.565563
3.665231
3.814590
3.110776
2.814640
3.775763
3.451400
3.262491
2.679930
3.666440
4.059303
3.634902
3.342577
4.574581
3.377879
3.154155
3.907559
2.901779
3.721631
3.004947
3.581469
3.461215
3.117914
2.356553
4.341949
2.246251
3.568991
4.578672
3.018578
2.383047
3.285838
2.679516
2.650395
4.594604
3.163925
3.857863
3.608396
3.700659
2.986032
4.058755
2.818588
3.682032
4.006717
3.987735
4.256969
2.926678
2.158077
3.610930
3.456084
3.767449
3.449934
3.107241
3.358872
3.489222
3.891275
4.018982
2.975981
3.812677
2.130554
4.230068
3.002844
3.716205
3.796420
4.369754
3.274435
3.877601
4.199183
3.645426
4.066334
3.387313
4.249434
4.113386
2.318858
3.158793
3.944127
4.174157
3.472228
2.838621
3.490383
3.717149
4.374141
4.148263
3.656445
2.937162
3.187427
4.598116
3.930477
2.165023
3.601842
3.762049
2.968840
3.376364
4.063500
3.553893
3.595552
2.566460
3.118816
3.807386
3.782909
3.510858
3.976544
3.139069
3.122052
4.091700
2.683046
3.105499
3.956573
3.865598
3.810561
3.883560
3.525982
4.014839
4.018539
3.809537
3.195743
4.190338
4.217353
3.383312
3.620408
2.614716
3.908324
4.233050
3.601736
3.067710
3.785325
3.662885
4.082233
4.294868
2.481922
4.707795
4.063507
2.829671
4.054308
3.324293
2.309117
3.482513
3.895393
4.117103
4.462551
1.840240
3.875586
4.469045
4.333612
3.114635
3.523003
2.069012
3.805788
3.825732
3.893406
2.987800
3.023838
3.941560
3.896838
3.401497
3.536535
4.647111
3.547509
3.585056
3.613520
3.779960
4.099279
3.451385
3.505486
2.967963
3.054066
3.653724
3.510094
4.061386
2.520798
4.643582
4.521622
4.060440
3.423342
2.177670
3.387869
3.784025
4.219774
3.634406
4.077898
3.039129
3.036580
2.735572
3.457467
4.317879
3.827907
4.887674
4.063887
4.031222
3.154192
3.873455
3.283364
4.267323
3.522099
3.807751
2.577279
3.617200
2.419483
3.685588
3.791461
3.827749
2.948606
2.907713
3.467143
3.219040
4.154629
3.755897
4.432470
2.974553
3.966501
3.636786
2.896577
3.458942
4.238433
4.058375
2.640042
3.783501
4.152072
4.234591
4.079183
3.216175
2.706166
2.585645
3.461172
3.230774
4.093341
3.377319
3.348194
4.304243
2.872625
3.631252
2.881707
3.194446
2.165278
4.124399
4.205074
3.732384
3.613665
3.313613
3.869505
4.417613
3.649109
4.658984
3.405901
3.205958
3.289285
3.085839
3.320014
3.886580
3.081047
3.672752
2.880375
2.193940
3.540426
2.066171
3.145186
3.616428
4.124969
3.079774
3.447130
2.898947
3.773724
3.410087
4.105944
4.321413
3.224090
3.482925
4.064030
3.745832
2.754484
3.262668
3.630066
3.862948
3.822864
3.186713
4.135158
3.489997
4.342454
3.573999
3.575047
3.945750
2.333161
3.150407
3.448026
4.211542
3.459996
2.282481
4.924920
2.847426
4.102181
3.910926
3.935062
3.979710
3.834705
3.507829
4.013532
3.459298
2.787269
2.011160
3.328153
3.866407
2.816808
3.796338
4.754868
4.483859
3.830187
2.939462
1.427020
2.252319
3.601558
3.622529
3.764068
2.687057
3.705300
3.770087
2.127634
3.506042
2.812842
4.463228
3.471337
3.331213
4.661468
3.882563
3.922240
4.333407
3.799368
3.592357
3.453995
2.867135
4.121850
3.902296
3.225010
3.906024
3.544612
3.149652
3.634851
3.399288
4.058486
2.968153
1.910166
4.251288
3.549527
2.748453
4.194251
3.357918
3.409051
2.889674
4.186220
4.061701
3.710441
2.740004
4.022613
3.525127
3.674059
2.819646
3.222487
3.466239
3.584195
3.694415
4.317837
3.451018
3.970584
2.326527
3.938515
3.602034
4.377701
4.376023
4.810125
3.630561
4.389959
4.122982
3.633166
3.938117
4.217151
3.526035
3.319698
4.118184
3.537379
3.131414
3.284328
3.795100
3.037369
3.378411
3.006456
3.648239
4.132360
2.295890
3.611769
3.492708
3.250955
2.357814
2.945526
3.372080
3.327893
3.649805
2.893603
3.429625
3.917255
3.413160
4.636021
3.301146
3.466865
3.487409
3.315033
3.602589
2.575964
4.178161
3.051594
2.683081
3.705573
3.553996
3.310873
3.179035
2.944155
4.169464
4.824865
3.440378
4.442648
3.368191
2.810384
4.289729
3.739701
3.467158
3.426917
3.525857
4.002243
4.015209
3.476638
2.810925
4.368816
2.645109
3.274694
3.865867
2.490258
3.906901
3.239846
3.874505
4.180861
4.125635
3.621228
4.350265
3.964725
4.282172
3.587876
2.773647
2.536629
4.104263
3.316173
4.891381
4.097349
4.736838
2.925521
2.866766
3.623185
2.056746
4.367551
3.562957
2.417269
2.953722
4.097579
3.164037
3.641049
3.754226
4.380183
4.412845
3.668112
4.085564
3.679861
3.589375
4.055168
3.765388
3.536680
3.196902
3.322369
2.998231
2.821621
3.878715
3.218886
2.536422
4.092119
2.898557
2.279205
3.831708
3.201017
3.796681
3.180921
2.118798
3.960357
3.596715
4.529203
3.975840
2.875183
3.160208
3.629022
2.656885
2.441180
2.540089
2.755103
1.760514
3.399696
2.926253
3.653980
1.776089
2.176581
4.377886
3.615356
3.400782
4.414366
4.096258
4.156767
3.863225
3.387878
2.950242
3.940492
3.859514
4.154395
3.689219
4.116343
3.528919
4.344854
4.408405
3.009190
3.304642
3.968295
2.463982
3.827106
4.376689
4.270973
3.795396
2.748590
4.351171
3.010631
4.126219
3.072352
3.591165
3.542685
1.934857
3.806368
2.611765
4.709478
3.557628
3.752256
3.533852
4.116404
3.396872
3.764984
2.465025
3.538967
4.329810
3.975855
3.968393
2.937770
3.085884
3.853765
2.754717
3.729671
4.524816
3.814127
4.200371
3.605985
4.084075
3.295129
4.182414
2.751963
3.880606
2.623942
3.733288
4.131175
3.237690
4.097977
3.254938
2.843749
3.978017
2.655471
3.989772
3.908661
3.821962
3.410807
3.397304
3.264540
3.196944
3.190490
4.164846
3.019142
2.822598
3.350721
3.856764
3.318505
4.182063
3.804134
3.346011
3.476699
2.794431
2.271597
2.927596
3.639674
2.403435
3.565235
3.014423
4.619022
3.609301
3.450346
2.206586
3.545527
4.130886
4.106718
3.128410
4.021109
3.249745
3.590337
3.071435
3.109417
4.284483
3.854486
3.033749
3.450185
4.510513
3.445058
3.974528
4.358137
3.567084
3.269965
3.482551
4.722860
3.042833
3.639768
3.296176
2.684547
3.141892
1.777646
4.168281
4.295036
4.092591
3.797076
3.779106
4.224014
3.559795
3.578424
3.430961
3.097594
4.381261
3.397096
3.896818
4.332457
3.898016
1.694782
2.500904
3.066325
2.813421
4.133420
4.182126
3.519559
3.636522
3.391443
3.011390
3.531352
4.296057
3.796879
4.713091
3.370234
4.679985
3.845389
3.900087
3.955174
3.381479
2.209808
3.762178
2.837948
4.112812
2.913864
2.612132
2.764791
2.719026
4.111162
4.288406
3.689537
2.865986
4.307205
1.943319
3.819681
3.518086
3.114838
3.921708
3.537062
3.390913
3.594949
3.513039
3.888133
4.090571
2.462411
3.918257
3.827098
4.528487
3.562012
3.935525
2.835645
4.238189
3.687387
4.349623
3.848808
3.562205
4.066904
4.264421
3.125529
4.047477
2.949284
3.929633
3.514469
3.678878
3.933269
4.116237
3.259920
3.643026
2.496920
3.937733
3.749390
3.716487
3.523816
3.067156
2.983142
3.291834
3.419118
4.765576
3.521748
3.924599
3.898106
3.359722
2.226598
3.000181
3.635958
3.200028
2.275069
4.255433
2.130661
4.388417
3.515744
3.350045
2.384162
4.433331
4.436717
1.999545
3.074853
3.751947
3.050089
2.973794
4.293962
2.477269
3.646706
4.485042
2.027589
2.443875
3.532612
3.874650
4.721655
3.212157
2.871990
3.599691
3.891809
3.526183
3.334970
4.209791
2.898329
3.043602
2.943067
3.437104
4.104613
4.122692
4.110267
4.389537
3.529147
3.580372
3.813539
4.056364
2.552412
3.153020
3.635534
3.740959
2.405170
3.874713
3.202809
3.667243
2.799780
3.319774
1.817544
3.887822
2.889263
3.275179
3.747426
4.137710
4.205798
2.577397
3.210179
3.595356
3.067181
2.689323
4.355102
4.427198
3.547422
4.104650
3.522350
3.888751
2.305226
3.712344
3.753659
3.844964
3.750084
4.068816
2.053875
3.383279
2.518904
4.009281
3.474041
3.966378
4.088076
3.899337
3.688372
3.201160
2.737554
3.758550
3.055919
4.166243
4.295674
2.674184
2.480710
3.682937
3.934470
3.641973
3.974821
3.384875
4.059512
3.601001
2.578095
4.408040
3.061244
3.388208
3.739289
2.436219
4.161272
3.633332
3.147482
3.965056
4.381776
4.058971
4.033908
4.428423
3.226050
3.824374
4.168758
4.137105
3.641640
4.150721
3.403847
3.341692
4.223955
2.724544
4.174033
3.898981
4.035926
4.037427
1.981855
3.849012
3.597024
3.867898
3.432003
3.246063
4.350251
3.031249
4.640822
3.842173
3.457176
3.916802
4.740380
3.522975
2.933803
4.112800
4.032592
4.426915
4.206927
3.562301
3.777612
3.718435
3.967377
2.096041
3.547365
3.729095
3.689129
3.222643
4.689143
4.335199
4.006282
3.539069
3.912003
3.066135
3.637990
2.971776
3.685279
4.262191
3.035598
4.101344
3.489815
3.416318
3.147088
3.301285
3.642034
2.593833
3.284966
3.725656
2.947171
4.666754
3.500601
3.282677
4.009668
3.247842
3.175302
3.113870
2.960877
2.613737
3.785493
4.370127
4.070912
3.735693
3.042618
3.998119
3.760757
3.772595
4.430897
4.029336
4.309652
3.156281
4.273531
3.083092
3.781546
2.336338
3.559519
3.381219
3.148868
1.448488
3.656572
4.152695
3.005916
3.576248
3.511431
2.950508
3.251395
2.511083
3.358920
2.403038
2.922385
2.669755
3.282466
3.368939
4.222128
4.037581
3.325456
3.160058
3.437036
2.978594
3.294435
4.713085
4.219462
2.940435
2.094666
3.981636
3.810034
3.408344
3.473594
3.856677
3.466375
3.786887
2.300689
3.137532
4.055647
3.769453
3.780125
3.554952
3.054209
3.400463
3.518928
4.383633
3.613644
3.432671
4.033859
3.288491
2.840667
4.107398
4.029540
4.175627
4.217497
3.374424
3.024726
3.645725
3.375113
4.718292
3.519646
3.444488
3.570837
3.013100
3.395052
4.169467
4.150231
4.035030
3.738567
3.265983
2.526660
3.361938
3.915086
3.582531
3.605944
4.775407
4.174124
3.370871
3.705333
4.594574
4.549293
2.912227
3.715990
3.720908
4.082358
3.679592
3.036370
3.971528
3.807827
3.529843
4.396898
3.459897
3.255783
4.049020
4.521194
2.628928
3.708306
2.961338
4.818075
2.867198
3.936426
3.327070
1.958998
3.214063
3.793680
3.304091
3.130051
3.304594
3.764745
3.133726
3.235955
3.814353
4.146525
3.651408
3.705477
3.830217
4.025698
3.165812
3.142886
2.433982
3.621026
3.044616
3.188068
4.298079
3.510603
3.437378
2.789216
3.340715
3.187534
1.620144
1.000000
3.548658
3.840979
3.240837
3.409404
4.468031
3.968846
2.245568
3.940323
4.364162
3.692497
4.107906
3.848007
3.550317
4.208863
4.060420
3.956923
4.148842
4.036286
2.242942
2.691700
2.575534
1.032996
3.819685
3.922890
3.740407
4.165263
3.411882
3.555625
4.187636
4.139193
4.152609
4.262696
3.154781
3.275166
3.812748
2.296701
3.829409
3.218271
3.951808
3.425501
4.180104
3.445977
4.627257
3.308477
2.608747
2.852321
2.984131
4.167233
3.446305
4.371112
2.345847
3.314499
3.891574
3.658469
2.849799
3.318468
4.238757
4.175909
3.163825
3.090174
2.879258
3.140650
3.989764
2.717664
3.671599
3.695492
3.452465
3.581787
3.522551
3.609272
3.647513
3.324496
3.618268
2.878413
3.406280
3.560847
3.607690
4.221516
3.605150
3.418830
3.717358
2.779362
3.176076
3.928742
2.196224
3.453317
3.426903
3.463099
4.386986
3.236888
3.234068
3.276895
4.226017
4.492641
4.020705
3.930617
4.384275
3.274593
4.671060
3.748974
3.299887
3.120819
3.738763
2.770214
4.024115
3.219482
3.812859
4.275381
2.246468
4.285676
4.008668
3.796569
3.754809
3.802625
3.241092
3.275866
4.266135
3.684401
3.560746
3.056016
3.634448
4.110131
3.989298
3.668607
2.483303
4.005006
4.361103
4.035109
4.200263
3.191353
2.876564
3.778722
4.126722
4.274358
3.297047
3.747855
4.219489
3.334576
4.392433
2.855063
3.802502
4.257826
3.676378
2.558929
3.435871
3.742237
3.755961
3.190615
3.755215
3.216104
3.042509
2.611139
3.726089
4.635959
3.797172
4.478339
2.752444
4.555904
2.402266
3.627114
3.258051
1.238078
3.021421
3.496241
2.711533
3.744021
4.493120
3.781503
3.562309
2.477431
1.978193
4.084965
3.855599
3.591110
3.709412
3.380569
3.918041
4.223522
1.978394
3.213044
3.641782
4.045151
3.285226
3.569726
3.486436
2.631072
1.810112
2.992713
3.308029
4.010293
4.022738
4.271795
3.367813
3.288392
4.111275
5.000000
4.045430
4.167555
3.982368
4.288393
2.234412
3.293649
3.869985
3.254756
4.432010
2.972084
4.145958
4.142159
4.085976
3.765443
3.864319
1.736588
4.230696
3.589804
3.362804
4.277218
3.627080
2.806704
3.710397
3.516998
4.007464
3.496284
2.834542
2.274497
3.722816
3.232189
1.937264
3.873255
3.173014
3.477753
3.128420
2.373148
3.731220
3.788134
2.861311
3.967486
4.013163
2.638061
2.651567
3.166927
3.805703
4.056423
3.982478
4.070705
3.262662
3.649044
4.214041
2.723243
3.673158
3.337187
2.191675
2.734558
3.941490
3.192985
4.259550
3.580447
2.582640
2.292662
4.036249
2.851505
4.086955
2.579307
3.253984
3.308931
2.228652
3.944846
3.824481
3.116456
3.690312
3.691248
4.171725
4.276652
2.983616
3.409277
3.855485
3.932197
3.981968
3.056573
3.897408
2.455542
3.363202
3.461888
3.531375
3.711885
4.282036
4.720624
2.936245
3.694056
3.354978
4.116314
2.703855
3.489965
3.765158
3.480034
3.016138
3.381957
3.705313
3.017948
2.844561
3.364011
3.133984
4.219530
3.205312
4.054611
3.710326
2.844759
3.066773
2.833493
3.211475
2.797700
2.000784
3.056016
3.384778
3.421397
3.645432
2.980457
3.776431
4.270412
3.713832
4.125132
3.906441
4.007135
2.876009
2.566133
3.521770
4.348382
3.576973
4.096938
3.697794
4.108149
4.336192
3.724859
3.987229
3.545248
3.050146
3.587892
2.985792
3.606521
3.696880
3.565355
1.972900
3.746740
3.147354
3.766561
2.981691
3.664738
3.450190
3.066871
3.097068
4.222192
3.503507
3.595459
3.543744
3.446284
4.670964
2.945060
3.075211
3.030276
3.511484
3.283853
3.971721
3.149819
3.871075
3.131465
3.787940
3.808207
2.855891
4.209371
3.791907
4.044794
3.032674
3.178699
3.628695
3.229197
3.659922
3.440326
3.623752
4.403045
4.190107
3.818131
3.655846
2.795156
4.308575
4.168213
2.072622
3.267106
3.876020
3.629333
2.969836
2.828992
4.301147
4.417160
3.370807
4.088823
3.770794
4.379148
3.452921
3.642246
3.296082
2.912009
3.697669
4.068180
3.190958
2.929186
3.933133
3.728599
3.067008
2.802850
3.597573
4.073887
4.116257
4.405450
3.333360
3.404348
3.855396
3.639381
4.501896
4.254473
4.156054
3.721368
3.309562
2.921524
4.661187
3.087705
3.462766
3.059718
3.605500
4.641111
3.254844
3.254169
4.140934
3.094168
3.019905
3.213131
3.809721
4.258857
3.434875
4.119967
2.607341
4.322017
3.742531
3.396815
3.496686
4.702185
3.286463
3.279360
3.646006
2.678029
3.940024
3.436433
4.112767
4.067322
3.577517
3.957069
3.174892
3.244574
3.556951
2.858618
4.008425
3.804945
3.088447
3.474066
3.172786
3.983117
3.664329
3.685643
3.622468
4.085997
4.057706
3.568343
4.183143
4.220068
3.233160
4.062594
3.085833
4.129996
3.330108
1.941694
4.388152
3.226285
4.099584
3.854986
3.477669
3.353300
3.817184
3.316117
2.882082
4.373812
3.477539
3.317228
4.463728
3.905098
3.363638
3.828499
2.770750
3.689919
3.821927
4.118393
4.173726
1.271498
3.797341
3.007618
3.961013
4.174242
4.636883
3.372783
3.521925
2.080262
3.255376
3.765188
4.008527
3.794341
3.562851
2.688783
3.756967
4.280576
3.271188
3.968730
3.860569
3.991698
2.845532
2.673366
4.476942
4.269426
3.210226
3.949424
3.143670
2.918375
3.104596
3.889868
4.388177
2.814980
3.162076
3.467518
3.708321
3.553599
3.578381
4.017205
4.498041
3.398416
3.530258
3.842113
3.928937
4.202473
3.951627
3.559559
4.157303
3.139525
4.298645
2.398030
3.514457
1.557461
3.434727
3.825965
4.151424
3.752382
3.188313
3.870228
3.089868
4.749425
3.656475
2.869962
4.476931
3.698691
3.580957
4.025246
3.284729
4.294280
3.991256
2.700280
4.182684
4.076315
3.961651
3.052610
3.234023
3.903157
3.564560
3.957461
3.442729
3.761743
2.017657
3.918224
2.894204
4.708845
4.156807
4.606138
2.915193
4.082907
3.447526
2.791540
3.787711
4.126977
4.153235
3.012570
3.110308
3.605163
3.606740
3.075593
3.940748
3.768772
4.047720
3.888703
3.167326
2.759235
2.960781
3.813177
2.956081
3.522088
3.824341
3.387354
3.612893
4.040088
4.122864
3.789549
4.563211
4.286239
4.283634
3.963136
3.667761
2.498879
3.786914
4.086073
4.546098
4.528840
2.902435
3.693980
3.392690
4.080972
3.616005
3.760138
3.087794
3.225562
3.560872
2.071840
3.637975
4.150913
4.581762
3.880193
3.537968
3.789448
3.180225
2.332380
4.426273
4.460788
3.791662
2.904274
3.966379
3.839454
4.206212
3.264221
3.307036
3.698834
3.114260
4.112336
2.261947
3.246539
3.249422
4.761438
2.974774
2.929778
3.372093
4.207042
4.342538
2.527834
2.821240
3.277793
3.339764
2.651232
3.836773
3.197766
3.654428
4.345846
3.858794
3.595209
4.096932
2.903179
3.474468
3.657945
4.225413
3.806499
3.157649
4.309501
3.041594
4.308481
3.267012
3.778552
3.955249
4.379611
2.731324
3.761672
4.189084
3.660214
5.000000
3.811609
3.393575
2.863087
4.207146
3.946855
3.282532
3.731292
4.234748
3.290552
4.645811
3.539446
3.171124
4.178556
3.742292
4.098726
3.702782
3.952048
4.382997
4.286452
3.498618
3.180169
3.340065
3.730809
2.827729
3.189489
4.166697
3.572965
3.940244
3.687124
3.209835
4.245893
1.244212
3.518934
3.640233
1.669519
3.110664
2.371401
3.040347
2.631227
3.343750
3.320526
4.233581
3.990867
3.725133
3.613793
2.989795
3.705152
3.841643
4.098319
4.485362
3.651984
3.786263
3.809715
4.039052
4.152045
3.253530
4.196409
2.374037
3.542161
2.989151
2.615569
3.051474
3.683786
3.686230
2.598411
2.743916
3.830001
3.692223
3.859607
1.875463
3.424278
3.620333
3.139475
3.733559
3.224334
3.284218
3.282670
4.499429
4.424546
3.083059
3.671163
3.424389
4.003166
3.426632
2.819096
4.341439
2.952722
3.848573
2.893392
2.868963
4.171089
4.487856
3.079718
3.245875
1.998995
3.354441
3.321013
2.809001
2.999019
3.786769
3.323236
2.259721
4.291474
3.447567
3.499714
3.232029
3.621078
3.312779
3.903593
3.864270
4.448296
3.426457
4.460940
2.889920
3.276087
3.912333
2.873439
3.234790
3.754561
3.749291
4.495020
4.062689
2.652400
3.480514
3.631633
3.261811
3.305345
3.263383
3.827149
3.976407
4.429408
3.940173
3.840006
4.109199
3.427408
3.432389
3.606264
4.259322
3.576689
4.106151
2.996254
3.281521
3.224642
2.067090
4.218611
3.035942
3.931858
3.654379
3.612431
3.938456
3.495677
1.806815
4.045651
3.952198
4.498164
2.313470
3.608474
3.860640
3.223514
4.006067
2.822686
4.428377
2.575336
4.516320
4.281601
3.256536
4.785596
3.984618
3.127275
4.117618
4.722249
3.605352
3.577080
4.371323
3.970623
3.426483
2.035043
3.120968
2.170804
3.530247
2.965216
3.964794
2.714894
3.509454
3.049737
3.241255
4.696525
4.445310
4.273093
4.211116
3.693238
3.077299
3.425964
3.390050
3.645770
3.697723
3.314965
4.040526
3.086302
3.723508
5.000000
4.133152
4.330776
4.102678
3.727795
4.424757
3.492402
3.012291
4.244689
4.096382
3.532018
2.980860
1.865689
4.073569
3.789652
2.784765
3.720879
3.892746
2.160717
3.397560
3.677660
4.237957
4.630710
4.044353
3.382597
3.054010
3.159339
3.251886
3.901685
2.141651
3.767997
3.649554
3.193133
4.524804
3.824280
3.537906
1.675705
2.552440
3.199121
4.091117
4.116252
3.519248
3.557098
2.275501
2.924762
2.013564
3.744289
2.189427
3.716365
3.583554
3.140036
3.875727
3.711163
3.203339
3.577337
3.985815
3.540986
3.259878
4.000023
3.804205
4.439073
4.017759
1.291136
3.530995
2.627521
2.970175
3.173477
4.517885
2.865815
3.086673
3.766746
3.552798
3.572641
3.539958
4.104256
3.549367
4.009805
2.719766
3.381699
3.322905
3.529031
2.666458
4.021503
4.737702
3.683641
3.996470
3.135014
3.502376
3.683474
3.709586
3.637262
3.214094
4.316305
4.261661
3.766040
3.290911
3.357931
3.798124
2.939560
4.609918
3.488507
2.128492
3.969823
4.402693
3.040633
4.183087
4.422433
4.300405
3.445988
4.195060
3.619614
3.294186
3.606750
2.923978
3.647439
3.629404
4.315149
3.003977
2.344505
2.941656
2.995564
3.299916
2.295053
3.534634
4.693321
4.444882
4.586873
4.094753
3.876556
3.942685
3.750458
2.463434
4.113785
3.173197
4.702115
3.944611
3.709355
3.201708
3.831874
2.734487
3.684472
2.228828
3.851992
2.935140
3.556853
4.600555
3.425401
3.140459
3.345752
2.275621
3.257496
3.974578
3.795817
3.852717
3.169398
3.674625
3.464406
4.433941
2.900506
2.539691
4.014602
3.345479
3.412897
4.454787
3.385645
3.095015
3.326958
3.621109
3.173497
3.091942
4.440896
2.811606
3.834066
3.629009
2.939179
4.252577
3.453173
2.967719
2.141646
2.489042
3.688789
3.786952
3.487400
4.224204
3.501194
3.573320
3.324060
4.234053
3.635849
3.706906
3.972591
3.956616
2.469959
4.151574
3.000523
4.067644
2.082882
2.721427
2.989573
2.103961
3.409224
3.438840
2.832281
4.202499
3.146634
3.534915
4.367875
4.042167
2.959371
3.652599
3.958720
3.300475
4.484373
4.116023
3.777524
3.787153
3.898993
3.775829
3.997961
3.473539
3.741828
3.810559
3.260704
2.877525
3.056847
3.547879
3.613166
3.805221
4.097953
3.638170
3.938599
3.694915
3.259300
3.805479
3.411754
2.799868
3.878422
3.107894
3.757464
3.544872
3.671697
3.452198
3.851521
3.040479
3.972875
2.457034
2.507912
3.353755
2.985758
2.910010
3.371136
2.963445
3.654037
3.133443
3.321657
3.389200
3.978430
4.175178
2.746613
4.425383
3.749783
3.483074
3.937630
4.323667
3.727532
2.989429
3.288063
3.292911
2.198757
3.079728
3.487852
3.574049
3.871787
4.043777
3.385595
3.325394
3.968911
3.481845
3.268749
3.320949
4.387812
3.447032
4.288199
3.013445
2.890940
3.068106
3.291171
3.707384
3.054800
3.154669
4.895296
2.668950
4.549411
4.158002
3.243194
3.710274
4.245087
4.328017
3.631412
4.060762
3.712344
4.339136
2.792182
3.049717
3.987396
2.796972
3.587701
3.834900
3.450769
4.098589
3.749442
4.191893
4.601299
3.923075
3.946946
3.598952
3.694963
3.085094
3.429284
4.346424
3.086836
3.695061
4.291123
3.584493
3.997745
3.887482
3.282521
3.326919
3.372468
2.740263
3.126827
4.416423
3.144464
3.956902
4.523059
4.127277
3.598025
3.267486
3.901705
2.226630
2.622730
3.100221
2.764720
3.691960
3.472885
2.724608
2.512551
4.044662
3.139847
4.104004
2.404695
3.698752
3.840642
3.568663
3.849477
2.309153
4.109963
3.215001
4.357416
3.331628
3.774862
3.726943
4.586346
3.382572
4.741775
2.887704
4.493814
2.235648
2.653754
4.415650
3.136523
4.594549
3.947184
2.653679
3.634254
3.824789
2.856477
3.331567
3.795600
3.643779
2.608920
3.462478
4.005718
4.363405
3.167570
4.490872
3.577360
3.529547
4.412723
4.202706
3.159056
3.012919
3.386001
3.100529
3.293171
3.406619
4.318287
4.831359
3.883132
3.703337
4.016936
3.146555
3.177898
4.502507
3.287339
3.523246
4.154791
2.972304
2.573641
4.314702
4.205171
3.729035
3.522428
3.371910
3.869118
2.259462
4.152702
3.271980
4.060810
3.480614
3.764455
3.655155
2.879965
2.895518
3.081581
3.825185
2.866062
4.302070
4.013234
3.264261
3.412796
3.296682
3.129861
4.114960
3.287959
2.915836
4.554668
3.921875
1.578904
3.909998
3.350590
3.127706
2.396792
2.550525
2.204725
3.663751
3.003069
3.828613
3.975880
3.591973
3.606750
3.911689
2.139919
4.024969
3.426389
3.743042
3.494746
3.920041
2.109332
3.892695
4.083110
4.364949
4.124549
3.391554
2.533186
3.344146
3.645830
4.211031
3.534970
3.244382
3.955126
3.896317
4.234020
2.896697
2.966453
3.003042
2.926848
2.705157
3.584441
3.715664
3.347794
2.940297
3.898603
4.291111
3.194853
4.186429
3.499328
3.087564
3.871011
3.329626
3.913045
3.199223
3.528621
3.591629
3.581976
3.820336
3.142428
3.153165
4.019658
3.105594
3.562582
4.134714
3.452601
3.406804
4.398591
3.786440
3.321767
4.314321
2.691671
2.937367
3.290537
3.823364
2.590669
4.304548
3.987622
3.632624
2.377034
3.101705
3.681222
3.123684
3.761634
4.026220
3.722316
3.022959
3.730056
1.795815
2.771679
2.739296
3.412498
4.325940
3.976792
3.352690
4.070939
4.310670
4.092432
2.580192
3.068636
2.868162
3.659973
3.306847
3.465728
3.532915
2.892430
2.612344
4.044717
2.650183
4.074703
3.761162
3.139536
3.988867
3.149201
4.754303
3.842634
3.943392
3.331407
3.808410
3.553116
4.390389
3.566677
4.220455
4.190562
3.694819
3.501454
3.705445
3.149836
2.772478
3.790547
3.334283
3.060801
4.367446
4.071609
3.882923
3.598105
2.718417
3.833569
4.038328
4.257208
4.478839
3.704440
3.568239
3.718199
2.608968
3.148100
2.612778
3.618642
4.051249
2.426668
3.624383
2.770095
3.509053
3.811286
4.163880
2.398086
3.747460
4.281645
4.128548
3.586752
3.941144
3.494254
3.483368
3.273530
4.130609
3.729159
2.331658
3.843685
3.518361
3.203846
3.923474
2.868997
4.006236
3.638421
3.373687
4.005261
2.882797
4.403094
3.476164
2.752760
3.445465
3.440187
2.953364
3.377417
3.946072
4.379623
3.864069
3.024442
3.336238
3.545139
4.351109
3.744378
3.199596
2.984464
4.078277
4.309876
3.779791
3.544108
3.848811
3.599676
3.236222
3.384455
3.370628
3.867439
4.415108
3.283965
2.705968
3.537508
3.450598
2.892700
2.899809
2.815676
3.325667
3.224027
3.422794
3.442881
3.595182
3.169500
3.778109
3.686416
3.403999
4.613149
4.074777
3.560403
3.770216
3.574798
4.393287
4.287050
3.877701
4.553255
4.186702
4.326822
3.245065
4.116773
4.897648
4.168155
4.268088
3.092867
3.235570
3.871604
2.852094
2.962350
3.981051
3.733034
4.155049
4.555099
3.463203
2.911142
3.673181
2.645816
3.544120
2.753861
4.198935
2.563040
4.255551
2.909539
3.061670
3.437560
4.138411
3.627979
3.295633
3.688763
4.736888
2.393542
2.661996
4.310139
2.658202
3.446670
3.123646
4.384782
4.003393
3.233305
3.749249
4.051279
3.140671
3.642682
3.744445
3.066803
2.824540
3.987737
3.565421
3.402768
4.063695
4.687339
4.522012
3.604818
3.578863
3.905412
3.791496
4.156181
4.292174
1.932416
3.753557
4.088313
3.596794
3.552582
3.932854
3.122174
3.869392
2.755167
2.421439
3.817564
2.649553
3.690613
3.664383
3.165702
3.289450
3.756004
4.372453
3.860681
2.220669
3.490500
2.928110
3.750975
3.889028
3.666409
4.057164
4.037309
3.934993
2.963412
2.047459
4.392750
1.833026
2.563952
3.529661
3.120817
3.038573
3.926434
3.764998
3.077143
4.458639
3.314922
2.618475
4.225427
3.283720
3.591373
4.148013
3.350682
3.518503
4.058921
3.768602
3.785006
4.757625
4.046316
3.950137
4.044297
4.338058
3.739084
3.039513
4.293670
3.697073
3.199188
3.165899
3.507704
3.749398
2.956852
4.308710
3.664486
4.696831
3.067737
3.345820
4.204495
3.715805
3.649603
3.756359
4.167688
3.567130
3.621626
3.703516
3.799462
3.772319
3.991700
3.962771
4.085742
4.257658
2.654213
3.712634
2.892933
3.556425
2.912967
4.319476
3.577446
3.173946
3.769923
3.401437
3.982924
3.684855
4.374659
2.335545
3.276126
4.163083
2.398901
3.379587
2.807317
2.438463
4.154124
3.500053
3.298181
4.089931
3.558400
4.201443
3.808983
3.696100
3.613437
3.160028
4.030247
2.541460
3.066126
3.016614
2.190502
3.323033
2.265312
2.993280
2.837164
3.539929
3.217112
3.986425
3.655461
1.722718
2.272284
3.617558
3.709569
2.581934
4.045148
3.478707
4.394673
4.878543
3.243861
3.468397
3.584789
3.624618
3.996733
3.034711
2.996246
3.339972
3.880182
3.774594
2.983882
2.942839
2.292791
3.468989
4.436469
4.129100
2.814759
3.623321
3.477214
2.676306
3.067376
3.461372
3.106187
3.231876
2.307642
3.450898
3.693497
4.014675
3.674162
3.495370
1.977207
3.134507
4.552264
3.823703
4.461547
4.063192
3.976289
3.325818
4.368873
3.338538
3.844443
3.309464
2.362264
3.796304
3.650597
4.372936
3.539167
3.834522
2.689767
2.885882
3.166868
3.786653
4.086212
3.362014
3.302624
3.343929
3.529712
3.612789
3.159748
3.003978
3.475719
4.067639
4.103158
3.527291
2.648823
3.055176
3.880067
4.128534
3.668631
2.436564
4.577583
1.698228
3.093696
3.132698
3.274384
2.086638
3.921774
2.379245
4.470110
3.934773
2.116504
4.002177
3.654421
3.958207
3.745259
3.948875
3.710421
3.912403
4.349443
2.576144
3.621792
3.284197
3.823013
3.546698
3.437223
2.703394
4.077055
4.326281
4.374444
3.533279
3.532908
3.796585
3.404826
4.289106
1.826160
3.513266
3.372726
4.034780
4.422830
3.279791
3.284943
3.574860
3.637754
2.439971
3.611007
3.520990
3.896617
4.395012
4.556766
3.956847
3.938784
3.812972
4.332002
3.259304
3.915371
3.981870
3.475836
4.544935
4.028910
4.207808
4.418491
4.077831
3.196865
3.077054
3.303390
3.383429
3.956138
2.743131
3.885141
1.828076
3.182977
4.015058
3.798416
3.887756
3.586850
4.649946
3.134608
3.171363
3.744416
4.067034
3.332503
3.809398
4.196386
3.951043
2.650680
3.630528
3.807805
3.790891
3.688063
3.371792
3.430308
4.061061
3.393212
3.478800
2.424533
2.633792
3.457473
3.871671
3.712682
3.692822
4.599648
3.669466
4.374834
3.657104
2.937954
2.877173
3.942862
3.857456
4.363839
3.648532
2.630726
3.379711
3.165543
3.425348
3.539149
3.626680
2.967754
4.013883
2.773069
4.155264
4.187758
3.299164
3.841164
4.227357
3.722424
3.994138
3.573231
2.820774
3.723187
3.210381
4.145396
2.584836
3.564630
3.444222
3.427275
2.963623
4.399528
3.860749
3.614437
3.480057
3.163643
4.098165
3.454822
3.085160
3.712659
3.275265
1.714996
3.825070
3.985041
3.728373
3.333735
3.841794
3.250994
4.272895
2.891029
3.540327
4.173964
4.159339
4.081529
3.330496
3.929563
4.064293
3.691511
3.502300
2.899077
3.679368
4.195595
4.036217
4.319797
2.835464
3.668571
3.282971
3.181128
3.230467
3.453136
3.526061
3.641114
3.649955
2.901787
4.035747
3.231040
3.522258
4.275403
3.831445
2.615535
2.592273
3.968218
4.156582
3.618079
3.562535
4.841970
2.137098
3.665863
3.966862
2.680687
4.061257
2.821900
3.764570
3.099249
4.139984
3.402466
3.739491
2.237245
3.955440
3.524811
3.857472
3.782122
4.063081
3.783438
3.870733
2.273395
2.831608
3.591794
3.691050
3.033021
2.622060
4.382700
2.928302
4.273017
2.815376
4.549884
3.299705
2.670893
3.804081
4.573213
3.772427
3.770872
3.952420
3.331684
4.494017
4.058080
3.752714
4.234996
4.026996
4.317050
3.820866
3.356042
3.938106
4.029704
3.342164
2.986230
1.808154
3.774697
4.123716
3.300458
2.314841
3.165306
4.152171
3.424468
2.596005
3.085712
4.707782
3.756540
2.966446
3.358615
3.156986
4.208265
4.241837
2.058909
3.243903
4.242526
3.143594
4.154793
3.246654
3.569683
2.846737
4.046715
4.062611
3.640894
4.348599
2.995483
3.405914
3.447255
3.344795
3.564072
3.271840
4.341000
2.691006
3.467037
4.563175
3.589104
3.782324
3.229750
4.421160
4.157316
3.175717
4.630344
3.638295
3.796629
3.223530
3.957506
3.506633
4.369039
3.968100
4.159092
4.239058
3.302374
3.613904
2.063507
3.968894
4.085093
4.238217
4.517331
3.679513
3.213386
3.334155
4.034034
4.913839
4.468281
4.154514
3.303625
3.448489
3.017987
4.084927
3.463621
4.260763
3.707129
3.865812
3.319044
3.987774
2.393688
4.199598
3.658332
4.584434
3.401279
2.454688
2.686688
3.236577
3.863662
4.489024
3.789693
3.556979
4.220857
3.481246
2.982734
4.029859
3.813690
3.263324
3.690373
2.633264
3.987428
3.336815
4.627120
3.558214
4.304492
3.527113
3.633696
4.489122
2.634012
3.330246
4.261217
4.223893
3.264441
3.893045
3.780281
3.548270
3.305846
2.727640
3.679894
4.308621
3.312548
4.170217
3.479793
3.322526
4.010357
3.088920
4.698190
2.323622
2.786649
3.405416
3.348043
4.185811
3.105644
3.805371
4.047035
2.521199
3.242163
3.655464
3.556790
3.872607
3.890609
4.537720
2.618147
3.112620
3.866474
3.672476
2.998183
3.387770
4.080298
3.411577
3.326418
3.272051
3.632054
3.434580
3.485122
4.113902
3.296917
3.738281
3.240702
3.889928
3.130796
4.431586
2.693847
3.485238
3.407463
3.157250
4.253766
4.173221
2.976034
3.763352
2.479796
3.179375
3.452696
3.869235
2.595158
4.020508
3.950096
4.351351
2.535827
3.097405
2.772473
4.139176
3.597146
3.121362
3.848217
2.654540
4.220464
3.299218
2.935380
3.344491
2.186640
4.150098
2.993813
3.713971
3.902272
4.581372
3.691961
4.019519
2.009157
2.666399
3.352810
4.311198
2.670532
3.460418
3.391397
3.274556
2.218921
3.765699
4.859121
3.875896
1.568807
3.820625
3.871155
2.461202
4.078016
2.839656
3.403563
3.932748
3.607686
4.100596
3.789034
3.736590
3.377040
3.730114
3.285172
4.139097
4.202557
3.234153
4.126981
2.631284
4.406295
3.305993
2.243940
3.501284
3.432090
3.511636
4.702151
3.304157
3.276157
3.319936
3.884980
2.998465
4.072151
2.511962
4.101226
4.635503
3.175790
3.777927
3.947363
4.159350
3.256048
2.944842
3.980564
3.078555
3.677294
3.810999
2.993614
2.981213
3.222474
3.854067
2.944793
4.340398
4.238380
3.412790
3.022490
3.535174
3.461851
3.366398
3.723140
3.010221
2.389326
3.363599
1.861609
3.100549
3.608533
3.303089
4.590837
4.375793
4.663243
3.380545
3.452464
4.015584
2.029857
4.206560
3.495969
2.241128
4.040397
3.764060
4.205468
4.223712
3.506884
4.204530
3.764530
2.708248
4.532362
4.214823
4.447067
3.591132
2.303368
3.212696
3.774556
3.929949
3.601884
3.327488
3.081171
3.283779
4.144212
3.787471
4.519491
4.785950
3.699195
2.708228
2.069754
3.263198
3.935661
3.914462
3.415617
4.209035
2.983559
2.617714
2.187893
4.151695
3.673773
4.278018
3.754559
3.035564
4.151185
3.247351
3.669829
4.278121
3.531057
2.495817
3.929784
3.251419
4.138339
3.938507
2.447753
3.313633
4.185799
3.646908
3.770895
3.796448
3.737872
3.857578
2.895561
2.983105
3.002064
3.990801
4.108224
3.197178
4.012823
3.069057
3.993262
3.792337
3.038896
3.558382
3.539743
3.391279
3.582599
2.354003
4.488396
3.993477
3.753993
3.927382
4.060961
3.909332
3.609068
2.751377
4.801148
4.156353
3.240469
3.804123
2.853481
3.224672
4.105034
4.466302
4.405493
4.378978
3.659985
3.442695
3.589231
3.867496
3.520921
3.888063
2.852053
3.574262
4.402634
3.825175
2.978499
3.510161
4.131098
2.218981
3.943114
3.709657
1.760073
4.085297
4.210618
3.362274
3.219707
2.765738
3.936425
4.159521
2.796062
3.950526
2.434824
2.922978
1.511151
3.469445
3.304615
3.309806
3.933628
4.408194
3.920917
3.881967
2.974446
4.020323
3.331639
3.540260
2.010245
3.220431
3.630700
2.685449
2.881679
3.972277
3.494674
4.113983
4.068211
4.084197
2.832287
3.398187
4.386495
4.360798
4.195927
3.127902
3.215057
3.291151
3.732049
2.889311
3.155702
4.013106
3.487211
3.102454
4.205367
2.244446
3.674120
4.033280
4.065829
3.199112
2.561615
4.047954
3.132422
3.825189
3.735207
3.624665
2.633341
4.048659
4.235672
3.620778
3.218560
3.753905
2.979691
3.171286
3.559863
2.360187
4.366054
2.794817
3.066000
3.424141
3.049487
3.931835
3.394479
4.382110
2.749131
2.295464
2.636429
3.586593
3.360960
4.337062
2.705707
3.504336
3.323853
3.124669
3.538773
3.420596
4.616403
4.336003
3.462899
3.969195
3.235045
2.747881
3.491480
3.237926
4.051537
4.157165
3.829874
2.841405
1.194019
3.354451
4.131513
3.679064
3.752992
2.076690
3.382965
3.156334
3.234726
3.673775
4.493556
2.665262
3.771266
4.129442
3.502490
3.124655
3.456379
2.727898
3.502973
3.667989
3.163112
2.694676
4.063393
3.680456
3.429725
4.060647
3.602172
2.882668
3.943724
4.000808
2.610517
3.506096
3.195507
3.748782
2.546331
3.389343
3.388002
3.273161
3.322516
3.071152
4.087686
3.029462
3.280002
4.153629
4.241390
3.609186
3.410622
3.999142
2.601387
3.533657
3.949713
3.256587
4.249857
3.612058
2.953400
3.022546
4.440682
3.207893
3.938743
3.484539
4.710810
3.552950
2.866577
3.519128
3.528359
4.135861
3.618894
3.630955
4.241415
3.633443
3.827707
2.089915
2.909482
3.585035
3.968460
3.942869
2.672370
3.737151
3.526378
3.242169
3.767280
3.863892
2.705180
2.569912
3.240553
2.858012
3.549816
3.001919
3.863193
3.739199
3.310392
3.617805
3.823012
3.514054
4.498467
4.220021
3.472672
4.004900
2.469675
2.018932
4.012948
3.290152
3.282364
4.292967
3.377852
3.597266
3.483600
3.440774
3.517789
3.960373
2.949309
4.211667
3.609079
3.398598
3.600832
3.856079
3.999037
3.657000
4.089062
3.600190
3.980271
2.722791
3.222737
4.417326
3.071817
3.605177
4.203754
3.086841
3.882160
3.332604
3.880989
2.902229
2.409949
3.274446
4.564253
4.895820
2.797166
3.743031
2.992700
3.198929
1.703685
3.486794
3.102029
3.658052
2.996049
2.610287
4.008543
3.911838
3.716559
3.436657
4.025076
3.447836
3.800033
4.067384
2.244277
3.439450
3.724793
4.455352
3.870645
4.776896
2.834422
2.827621
2.818768
4.216918
2.548679
3.348686
2.850136
3.426113
3.902807
3.484674
4.260549
2.943330
4.000785
2.872158
3.193175
3.466182
4.238133
3.748858
4.066567
3.230574
2.804188
3.962008
4.275675
3.507022
3.005284
2.841174
4.441079
3.646624
3.619159
4.096176
3.256766
3.193511
3.691679
4.079864
3.455152
3.396131
3.265904
3.808700
2.813989
4.430422
3.931636
4.103516
3.937903
3.563423
4.213584
3.681022
3.399708
3.884124
2.729478
4.074468
3.719461
3.659919
2.963414
3.467638
3.017718
3.763554
3.596386
3.362105
4.048252
3.809220
4.005078
4.740690
3.923318
3.182471
3.996910
2.933694
2.342087
4.034068
3.197809
3.715252
3.725762
3.197514
4.090242
3.022996
4.202854
3.323789
3.684313
3.397924
3.481740
3.634196
3.625794
3.886404
2.992851
3.876742
3.104357
3.266681
3.490090
4.213199
2.978407
2.621713
3.017639
4.127603
4.166393
3.233548
3.399904
3.032942
3.846801
4.231164
2.762815
2.981705
3.951443
4.464652
3.534391
3.726504
4.363488
3.929645
3.647364
3.906988
2.547832
1.000000
3.597052
3.665935
4.251846
3.533693
3.453874
3.296601
3.248576
3.877295
3.647073
4.296825
4.082629
3.801318
2.903580
2.708497
3.675846
4.333074
3.136571
4.131646
3.454323
3.798249
2.265916
3.415157
3.250006
3.561570
3.499038
1.166326
3.908471
2.401112
4.082944
1.323548
1.401700
4.271528
4.326418
3.944069
1.784564
3.075499
4.300073
1.143856
3.174441
3.674860
2.990531
4.037446
4.156340
3.303552
3.835473
4.199740
3.861713
3.565834
2.783626
4.636514
2.106500
3.201044
3.982425
4.190193
4.099991
3.964231
3.955561
3.897995
3.876528
3.659656
3.178305
4.660044
3.294363
4.085005
3.066855
3.659147
2.977730
3.571243
3.421331
3.317309
3.891448
3.250501
3.626403
3.565502
2.805872
4.031285
4.685563
3.561450
3.362280
4.273339
3.938158
2.415040
3.389863
3.755749
3.181926
3.514903
3.811337
3.807207
4.059483
3.182955
3.538026
3.656363
4.083732
3.348792
4.090564
3.953302
3.039567
4.263586
2.004758
3.342832
2.125930
3.267256
3.902900
4.304473
3.686200
3.161785
4.099227
3.360136
3.982619
2.894644
3.993351
4.186347
2.644524
3.410106
3.354334
3.534596
3.698191
3.906447
2.918012
3.446495
4.058762
3.908241
3.348617
3.976040
2.812003
4.423038
3.181008
2.385612
3.872438
3.949170
3.290707
3.148601
2.828120
3.221904
4.092766
2.676559
4.440480
3.889203
3.969681
3.740576
3.040328
3.434397
3.646119
3.637706
3.608321
3.311550
2.380492
3.554863
2.625852
3.849118
3.867695
3.548352
3.569720
3.521842
2.162369
3.579232
3.739007
4.032008
3.623601
3.514589
3.489191
2.034501
2.427857
3.109853
3.546174
2.895382
3.777327
2.891786
3.930132
3.858953
3.599239
3.526474
3.596572
4.430204
2.515679
3.565686
2.769621
4.014212
3.206093
3.659170
3.265216
3.944244
3.265650
3.926079
2.997951
3.478076
3.713830
3.847048
3.698353
3.695032
2.581655
2.661846
2.836478
3.291030
3.153664
1.662081
4.539863
3.740931
2.862218
3.706408
3.298385
3.593179
4.112277
2.234226
3.345292
3.559078
4.018508
3.323260
3.586424
3.844813
3.609073
3.414545
3.085134
4.431208
4.010982
3.887125
5.000000
2.324316
3.183998
4.017820
3.776732
3.622221
3.454424
3.704239
4.472318
3.023210
3.968986
2.128272
4.833881
3.136965
2.447703
3.071444
3.005907
3.602935
3.617423
3.491117
3.685194
4.140939
2.084110
3.086764
4.229949
4.068403
3.827746
4.175490
3.721170
3.040135
4.226971
3.221745
3.720307
2.626843
4.259432
3.122276
2.969138
3.106667
3.116402
3.764852
3.532010
3.709176
3.689878
3.009739
4.101170
3.592603
2.910771
4.531189
3.423209
3.626091
3.654750
3.006747
3.556165
2.183930
3.941737
4.484580
3.490048
2.706182
3.638771
2.651200
2.617205
3.059055
4.006616
3.950781
4.317735
2.578008
3.770762
4.374773
2.332135
3.868221
1.742031
3.920121
3.625380
2.170427
3.631777
3.103861
4.067474
4.059291
3.862507
3.095990
2.399703
2.897829
2.981774
3.163961
4.037245
2.108143
4.271846
2.711478
3.065256
3.301307
4.334246
2.485613
4.002962
3.575204
2.884474
2.564257
3.749483
3.926437
3.197764
4.304560
3.656608
4.296751
3.688985
3.214830
3.426011
3.838429
3.825267
2.109831
4.084310
3.266902
4.015185
4.232670
2.843383
3.606182
4.350716
3.768663
3.511735
3.827425
3.841535
4.436601
3.386522
2.741013
4.532326
3.043196
4.287767
4.594438
3.141851
3.669202
2.033154
2.647403
3.303608
3.607964
3.336669
2.643300
3.504576
3.830020
3.713067
1.985542
3.536631
2.988503
3.425032
3.781861
4.220649
4.337645
3.302260
2.413149
4.290842
3.959733
3.106489
3.526245
3.186377
3.938690
4.187668
3.203461
3.268466
3.740460
3.041423
3.780114
3.568486
3.240620
3.005667
3.340432
4.272581
4.207932
3.420876
4.049740
3.258377
2.323972
3.975015
3.167736
3.409987
4.456377
2.462709
4.236852
4.202095
3.841202
3.309318
3.592994
3.835942
3.185883
3.294426
4.435505
3.310654
3.145773
3.043916
2.780171
3.857889
4.005848
3.863332
2.302389
3.583112
4.476460
3.933535
4.575055
4.110681
4.725293
3.541244
3.886274
3.617968
4.451393
2.566258
3.393600
3.556704
4.572901
2.491764
3.326668
2.001072
4.292855
4.259253
4.751551
2.047831
3.132938
3.588152
1.846776
4.387487
4.124723
3.934264
3.842644
2.196761
4.458201
4.214513
3.047588
3.536426
1.798117
3.778610
3.612555
3.008332
3.349124
3.619180
4.111044
4.122734
3.728873
4.817275
3.482504
1.256865
1.789988
3.589954
2.542612
4.321055
4.702355
2.642498
3.865358
3.896161
3.339175
3.555890
3.842012
4.586713
4.101483
3.498958
3.976636
3.225778
3.208951
2.807864
3.369294
4.327840
3.359175
2.955559
3.640643
3.760599
3.598485
3.130784
3.214665
3.924030
1.816147
1.872474
3.775454
2.869319
3.698144
3.468323
3.521484
2.806544
3.341962
2.620601
2.875893
3.885514
3.735521
4.080484
4.022250
3.071617
3.796991
3.574833
3.204029
4.486653
3.094526
2.650251
3.259544
2.935610
4.243440
4.000002
3.197156
3.285018
2.957283
4.051604
3.223148
4.110411
4.025986
3.726259
3.716863
2.969171
3.634372
4.083412
3.977909
3.969226
3.879360
4.068552
3.035737
3.533897
4.387124
2.375289
3.273984
4.219612
3.388374
2.974619
3.356612
3.439418
3.744252
2.676530
3.373599
3.975359
2.234412
3.489938
2.883267
3.746864
3.669948
5.000000
3.993997
4.272626
3.384613
4.019613
4.173825
3.342705
3.316267
4.002371
3.675365
3.867160
3.557894
4.177653
4.458286
3.528450
4.058002
3.201875
4.125183
3.165293
2.678158
3.971405
4.119856
3.319940
4.196741
4.450190
4.115567
3.270338
4.093335
3.794190
2.917093
4.344099
3.883089
3.750605
3.366036
3.834405
2.815356
2.117682
4.289573
3.390491
3.786399
3.413307
3.162551
3.440185
2.473808
4.466392
3.936691
4.063825
2.919095
3.047057
3.282360
4.155734
3.387413
4.732553
4.374864
3.709904
3.769949
2.895154
2.903695
2.259031
3.571158
3.839503
3.202829
3.331931
3.197424
2.649940
2.777932
2.644759
3.991689
3.520355
3.192900
3.870960
3.380163
3.915365
1.892183
4.638281
2.606068
4.103135
3.050042
3.418420
3.536325
3.972123
2.238063
3.655362
3.220334
3.811658
4.421974
3.716975
2.818908
4.145405
3.865549
3.353640
3.695543
3.298629
4.694209
3.032595
2.815189
3.532112
3.479220
4.241201
2.680081
3.643162
2.288689
2.767706
3.323723
3.778284
3.757109
3.302010
3.717508
4.198150
3.160034
3.450033
2.775487
3.063347
3.594595
4.044663
4.734298
3.306259
3.344051
3.600949
3.172319
3.250833
2.253346
3.502189
2.996244
3.076503
3.010548
3.152588
3.594136
2.750710
1.972370
3.411263
3.526376
3.632730
3.333228
2.030075
4.349085
4.807201
2.798919
3.988906
2.403221
3.405077
3.562722
4.147429
3.615851
2.874925
3.030290
3.689578
4.276303
3.964744
3.993805
4.055865
3.213947
2.657895
3.090782
4.162045
2.965647
3.602035
3.498155
4.596554
4.853687
4.610517
3.340334
3.456375
4.010900
3.159539
2.972002
3.611103
3.506436
3.971796
2.506508
3.130405
3.339574
3.871059
3.254826
3.899845
2.600987
4.421836
4.046755
3.807904
2.644846
1.780546
3.697876
3.221886
3.487919
3.939290
2.896335
4.037547
3.717226
3.055756
2.358058
3.975839
4.028605
3.193612
3.444801
4.450613
3.043216
3.316514
3.063225
2.896950
2.428652
4.045223
3.284504
3.677241
2.954083
3.584068
4.386189
4.209990
2.653070
3.415084
2.826552
3.754802
4.153961
3.126044
4.309294
2.744205
2.893040
4.383149
2.622412
3.828445
3.737579
3.891147
3.923985
4.021116
3.602992
4.324141
2.842293
3.337211
4.089021
3.739203
3.898008
4.137500
3.635125
3.787659
4.565178
3.689281
3.606000
3.761248
4.020730
4.259561
3.751107
3.475904
2.631015
2.940924
3.626449
3.443738
3.223605
3.790781
3.666250
3.645953
3.180258
2.194080
3.862897
3.452056
4.248840
2.733379
4.605489
3.543557
4.159059
3.862407
2.880340
2.654427
3.458309
3.608297
2.704700
4.038560
2.346775
4.499646
3.237294
3.447178
3.136412
3.863741
3.968227
2.595044
3.438923
3.520964
3.731183
3.910296
3.875280
3.121410
3.865983
3.686763
2.604648
3.082374
2.989405
3.025825
3.112429
3.568050
3.512557
4.798968
3.920138
3.390355
3.659681
3.682307
3.286931
3.060396
3.949088
3.404417
3.709924
3.570499
3.170108
4.432529
4.069618
2.314723
4.078406
3.857159
4.363523
3.985234
3.635938
2.790001
3.385848
3.952299
4.251650
4.062242
4.249982
3.701272
3.906891
1.553755
4.023588
4.182032
3.972290
3.289597
4.055911
3.562486
4.433508
3.221349
3.216477
3.448264
4.417658
4.496937
2.674956
4.152061
3.489514
3.965820
3.422765
3.991238
3.818056
3.456498
3.249148
4.303239
3.401234
2.747318
4.224584
4.170371
2.923325
4.039334
4.144086
3.728996
3.483323
3.706039
4.169603
4.313700
3.239216
3.885090
4.333409
3.161521
3.473431
2.656816
2.651856
3.797522
3.997549
3.429881
3.325952
3.266682
3.951344
3.411629
3.626657
3.590777
4.309450
3.430079
2.395243
3.365076
3.801602
4.303122
3.255607
4.636936
3.095126
3.795624
3.406419
3.345749
3.476255
1.892874
3.461949
2.175402
4.082419
3.509650
2.672580
3.670805
4.277942
3.654632
3.337472
4.179849
4.311309
3.118392
3.237412
3.185881
2.543257
4.189270
3.002328
4.321261
2.478379
4.572242
3.699966
2.050176
3.631559
3.527493
3.594024
3.134551
3.336054
4.434026
3.139816
3.656444
3.394951
3.300440
3.726530
4.043970
3.033392
4.427854
4.431101
3.988786
2.694628
4.356369
3.948555
3.407690
3.236540
4.129635
4.079614
3.573709
4.047738
4.218476
3.432468
3.826726
2.578540
3.278390
2.236207
4.261531
3.429024
4.564807
3.828782
3.355335
2.913189
4.118110
3.813194
4.144117
3.707878
4.138102
3.778839
3.480704
4.347826
3.832118
1.189211
3.663427
3.106777
4.342689
3.569365
4.054733
2.952922
3.315302
3.561277
4.369662
3.153878
4.126281
3.578341
3.193678
3.357824
2.652898
3.552636
3.487027
3.424617
4.099428
4.303627
2.879766
2.757693
3.421244
3.775833
3.459213
3.206869
3.559258
2.807996
2.690906
3.471049
2.916222
4.105716
2.807917
3.080525
2.669468
3.506401
3.429320
2.882224
2.640780
3.482345
3.734720
4.106982
3.073293
3.818313
1.494306
4.379354
3.439831
3.827720
3.294599
2.397410
3.399547
4.163415
3.050795
3.265160
3.466683
3.343976
4.107929
2.946816
3.531282
3.046858
3.746981
3.280072
3.417942
4.279479
3.723411
3.998056
3.175939
3.931607
4.027833
4.486776
3.980941
3.246235
2.910451
3.982144
4.727319
2.563187
4.041927
3.685699
2.542305
3.783227
4.176322
3.690225
3.557965
3.575648
2.986392
3.518122
3.442073
2.132725
3.609491
3.720459
2.784122
3.859319
3.803648
3.239518
3.704059
3.379211
2.902676
3.069975
4.419340
3.060307
3.696806
3.252161
3.185689
2.612208
4.061741
3.794904
4.727509
2.873412
3.412382
3.568773
4.506225
3.530951
3.594380
3.811283
4.067862
3.858596
3.885418
3.174762
3.705005
4.675166
3.477402
3.694936
2.807216
3.443543
4.097343
2.641464
3.729945
3.455603
3.898842
4.193697
3.169010
4.206929
4.398761
4.565547
3.561028
3.549499
3.878597
4.122691
3.126024
4.180297
3.847390
3.730713
3.460823
2.336144
3.936646
3.701906
3.838945
3.101111
3.715837
2.350160
3.778275
3.769681
4.079201
4.930373
3.868781
2.938538
2.801152
3.607784
3.727278
3.643381
3.505987
3.286671
2.970925
4.355865
2.518669
3.417582
2.764055
3.532095
4.199123
4.266936
3.835925
3.649596
3.933361
3.935759
3.724167
3.578382
3.969749
3.727014
2.885479
3.795023
3.871037
3.563465
3.055862
3.233683
4.226850
3.638947
3.760017
2.934498
3.469639
2.947842
3.872455
2.816830
2.964525
4.184424
3.756105
4.394484
3.447174
3.182448
4.409551
4.656075
3.613777
3.180782
3.431886
2.365714
4.006186
3.720443
3.933125
4.364840
4.444999
4.300968
3.078023
3.904026
3.789241
4.190942
3.757124
2.673158
3.974554
2.361671
4.039425
2.458906
2.667642
3.153396
3.140534
4.363971
4.350316
3.530282
3.151948
3.501669
4.240761
4.511281
4.034218
4.142361
2.612432
3.698015
3.261132
3.892398
3.315411
4.018976
3.663447
3.645192
2.874380
3.108341
2.358017
3.844996
4.731755
2.931199
3.787460
2.714707
3.873104
2.972452
3.707904
4.126694
4.192661
3.744193
2.797398
2.649677
3.399502
2.985070
3.150195
3.872923
3.631251
2.830244
3.510267
3.459368
2.831777
3.042645
3.448342
3.181460
4.288900
3.408924
3.224320
4.272291
3.243190
4.008860
2.843347
3.433353
3.250729
3.451714
4.427202
3.788970
2.311633
3.998975
4.165419
4.286605
4.287809
3.140434
3.785221
3.664626
2.259945
3.398955
3.779604
4.032718
3.775618
2.779238
2.020826
3.767220
3.249539
3.285578
3.112027
2.543980
3.781476
3.623410
4.541205
3.644496
4.196384
3.724994
3.075910
3.193919
2.912935
3.345941
1.522393
4.100625
2.833246
3.000762
2.919601
3.651501
4.117804
3.552745
4.037450
3.160380
4.101193
4.827839
3.298824
4.182469
3.365182
4.213443
3.453714
4.032222
3.629641
3.550690
4.118896
3.889743
3.279317
3.731494
3.570973
3.773650
4.701023
2.363142
3.167933
4.248940
4.028093
3.331363
3.535595
2.968842
1.694331
2.914774
2.938049
3.102198
3.939434
3.476836
4.049346
3.692579
3.908026
2.974322
3.900613
2.997893
3.187056
3.440130
3.806644
2.730732
3.724214
3.547203
3.488305
2.972342
4.138724
3.202069
3.656846
4.045600
3.204519
4.091266
3.730678
1.882763
3.359577
2.896746
3.367796
3.835547
3.420732
3.879679
3.668897
2.945330
3.918285
3.681361
4.398685
3.372388
4.126215
3.980865
4.165613
4.187457
3.876631
3.950856
4.297002
2.004440
4.327006
2.658183
1.876499
3.338235
2.360521
3.348155
3.449167
3.988430
4.086019
3.019357
3.496064
2.400886
3.322129
2.743133
3.706398
2.590363
4.302564
2.606366
2.963651
2.832988
3.625370
2.808204
4.116020
3.619989
4.592815
3.711675
3.654804
4.609993
3.187383
3.311859
4.660615
3.587013
2.584058
4.067755
3.697480
3.188648
3.752855
4.105103
3.248318
4.156513
2.875762
2.898827
3.118751
4.220260
3.825241
3.089693
4.599950
2.602550
3.413446
3.084289
3.391181
3.212536
4.356463
4.360190
3.587561
4.037353
3.565889
4.614769
3.440995
3.423874
3.911315
2.994772
3.383817
3.364825
4.550403
4.080650
3.458852
3.797669
3.902964
3.310675
3.921936
3.350568
3.284514
3.726354
3.267929
3.920618
3.896074
3.143653
3.073211
3.902351
3.545842
3.981143
3.059217
3.767990
4.157359
3.999353
4.070982
3.703831
3.578287
3.912506
3.648502
3.401906
3.637902
1.878879
3.631747
3.609318
4.518598
3.242259
4.074994
2.313773
3.870676
3.167555
4.383629
3.622324
3.657358
4.235925
2.639553
3.028239
2.910793
3.382785
4.918726
2.664650
1.916782
4.308236
3.625271
3.356776
3.340886
1.742945
3.368124
3.903267
3.652344
3.977160
2.678143
3.797222
4.154591
3.151065
3.597087
3.809816
4.146348
2.730626
3.014593
2.583220
3.852573
4.483734
3.143501
3.955738
2.220225
3.070173
4.604725
3.979788
3.459118
3.740271
2.832814
4.316598
3.277209
3.952481
3.086080
2.373872
4.932186
3.670810
2.092155
4.049068
3.617030
3.591047
4.460702
3.409212
4.695187
2.643876
3.646696
3.093696
4.098412
2.557162
3.902628
2.217183
3.692149
3.227372
3.222523
3.850803
4.521113
4.008595
4.299339
3.038489
4.343189
2.724354
4.356841
4.130128
2.976199
4.739779
3.915782
3.299801
3.608891
4.083722
3.247350
4.120886
2.329266
4.624312
4.157576
3.504226
4.029823
3.197073
3.488006
4.191332
2.097033
2.442952
4.306225
3.401231
3.056548
3.523935
3.534868
3.316913
3.760968
4.086054
2.477835
3.342925
3.622206
3.851436
3.676968
3.859115
3.848999
4.335626
3.646061
3.584184
3.839860
4.237585
3.568511
3.720822
2.829233
3.695160
2.842520
2.712282
4.506585
3.004304
3.907283
3.026732
2.436746
3.154511
3.550931
4.045530
4.203367
2.417320
2.876984
4.187948
4.115175
3.792217
4.092888
3.287078
4.092888
2.618459
4.531344
2.603477
3.238714
3.694324
4.012671
4.066936
2.962976
4.714598
3.578648
3.762240
4.446758
3.464547
3.144633
3.347369
3.337073
4.154965
2.905421
3.482541
3.669029
2.880846
4.225410
1.939173
2.959889
3.062313
4.429990
4.082968
4.152706
2.801818
3.123647
3.578273
3.205108
3.930870
3.561863
4.208148
3.873945
4.109759
3.695347
4.061422
4.242195
4.497308
3.165911
4.170014
3.493617
4.342733
3.502743
3.482169
4.741948
3.325409
3.158598
3.417804
4.233165
4.130400
2.612388
2.423256
3.790020
3.459545
4.477650
2.328096
3.892516
2.426395
3.695042
2.009146
3.952023
3.496647
4.033736
3.860443
4.283398
4.465294
2.968363
3.612468
1.934968
4.308147
2.447867
4.156844
4.114920
3.970470
4.056096
3.885991
4.089492
2.942086
3.447587
4.020046
4.189727
3.110556
3.618094
4.677673
3.235576
2.568549
4.068806
3.250998
3.539823
3.499707
3.812963
2.031243
2.859710
3.054136
4.090618
4.251359
4.358553
4.138982
4.258237
3.605319
3.812854
2.705845
4.340375
4.385518
3.647593
4.162300
3.688327
2.384147
4.881727
3.870567
3.291892
2.967709
2.863172
3.296282
4.261178
3.538378
4.049368
3.197872
3.399091
4.448629
3.947429
2.690878
4.014815
4.205204
3.249148
3.630516
2.857886
3.281936
3.086088
3.488357
2.389368
3.930063
2.921283
3.093080
3.313380
4.088287
1.475026
3.563175
3.438253
3.298657
2.766610
2.553100
3.648069
2.726845
3.997521
2.965342
4.694632
3.402093
3.880286
3.673408
3.392981
4.063651
3.827026
3.617694
2.888064
3.748872
3.402566
3.283701
4.004351
3.495219
3.366642
3.300026
3.593294
3.121740
2.565971
2.762071
3.235789
4.504657
3.522336
2.617800
3.328455
3.104241
3.491807
3.302419
3.850252
3.443221
3.045079
3.259306
3.390745
4.174252
3.954635
2.998514
3.893889
4.099093
1.681670
3.176462
4.251715
3.807175
3.830606
2.226533
4.577428
2.688484
3.928079
2.994285
4.217040
4.242020
1.962088
3.061907
3.756801
4.700530
2.788676
3.684560
3.543029
3.857944
4.001696
3.234104
3.145227
3.217619
3.221695
3.229411
3.041573
2.430281
4.111952
3.680472
3.688223
2.966400
3.321882
3.679725
3.591540
2.688271
4.694445
2.501279
4.188620
3.253341
1.881842
2.809046
4.019359
4.047491
3.618239
4.178682
2.415405
3.493366
2.918234
3.515634
3.800051
3.124645
3.427025
3.227874
4.284289
3.741907
3.590362
3.355126
4.158058
4.258397
4.420843
3.532272
3.948015
3.513272
3.572828
3.798317
3.101799
3.588305
2.558616
3.661765
4.121753
3.115463
3.746445
3.526704
3.813354
3.258510
3.032026
3.827148
4.199487
3.865456
3.559484
4.171521
4.322063
3.932150
3.456028
3.267566
3.469912
1.668140
4.796046
2.009964
2.597962
4.019924
3.514942
4.135366
2.163101
1.761855
3.429951
3.578336
2.136143
3.603468
3.762297
3.859691
3.627491
3.549715
2.568440
3.569332
4.478775
4.401267
4.258036
2.424638
3.467082
3.466368
2.996784
3.565966
3.627342
4.141484
4.015802
2.661774
3.507395
2.648572
4.023826
4.549341
3.448151
3.857274
4.138464
4.605999
3.871220
4.177150
2.773812
3.825830
3.540330
3.152359
3.340769
3.424371
4.592352
4.208582
3.586851
1.892056
2.777369
3.802799
3.212048
3.011450
3.883306
2.842338
3.482598
3.125852
3.489365
3.621234
4.397073
3.566250
3.302343
4.009843
3.097716
3.562047
4.318647
3.819668
4.145094
3.277215
4.142403
3.637568
4.034608
3.920854
3.337843
3.080240
4.120578
3.175790
2.141810
4.471287
4.213858
3.268672
3.447206
3.092506
4.933697
3.986692
2.082358
4.121848
3.199598
2.631024
3.730126
4.683535
3.929189
4.149886
2.752323
3.868100
2.932390
1.964876
4.059738
4.068576
3.424604
4.056688
3.447601
4.078803
3.542793
4.003354
2.764029
2.676558
3.841285
2.529097
3.728329
2.962373
3.316427
3.638720
3.576418
3.686526
4.189751
2.947982
3.554536
3.494756
4.830341
3.269363
3.232825
3.211336
2.066185
2.659264
3.458463
3.661299
4.076469
3.630692
4.104415
3.303756
2.482303
2.950495
4.134622
3.614972
2.950626
4.172728
1.799720
4.760181
3.005120
4.172050
3.813413
3.550339
2.928033
2.528007
3.669006
2.669877
3.961663
4.091063
3.322816
3.088702
4.499314
3.969450
3.506028
4.136748
4.266768
2.254052
3.869836
3.262397
3.693467
4.144923
3.448359
3.382865
4.400652
4.185620
3.204551
3.721907
2.485982
2.816576
3.930904
3.953466
3.971173
3.075893
3.682358
3.428759
4.532710
2.801855
2.945150
3.659542
3.219744
3.231201
3.607183
2.799583
2.966748
2.733475
2.669427
4.112382
3.448834
2.921108
3.906551
3.288627
4.211631
3.662941
4.442562
3.462704
4.248224
3.809704
2.633541
4.105062
2.491386
3.472519
3.703625
3.815140
2.730755
2.423612
1.999678
3.279865
3.766812
4.229760
4.330922
3.480272
3.993789
3.916775
3.014456
3.860281
3.181439
3.925033
4.058972
3.838543
3.380174
3.568472
3.868018
3.201228
4.146023
3.099512
3.844889
2.572015
3.717815
3.657959
2.564655
3.565570
4.817324
3.992325
2.047403
3.871246
3.492390
2.750091
3.344737
3.456187
3.509555
3.826191
3.799345
4.278118
4.316212
3.910014
3.484989
3.828802
3.592022
3.437495
3.174899
4.106041
2.830245
3.950385
3.772930
2.550843
3.243059
3.069001
3.424221
2.766666
3.566004
2.659069
2.803568
3.605512
3.124277
2.991152
4.341495
3.572011
3.935997
4.749689
4.204003
3.858400
2.937443
3.429986
3.848586
4.260211
3.937446
4.394200
3.058421
4.204495
4.388007
2.802594
3.828732
2.794508
3.073384
4.067970
4.830261
4.159717
3.655987
3.511598
3.534428
3.529600
3.595167
3.495377
4.234464
3.535909
3.573716
3.673047
4.205617
3.481502
3.537174
3.646396
3.421596
4.107584
3.947532
3.387704
3.566623
3.700420
2.846432
2.456544
3.682470
4.115314
4.100899
3.644852
3.555919
4.027992
3.903501
2.631431
3.764620
2.653270
3.900466
2.950963
2.902677
2.674192
3.395538
3.404442
3.704479
3.871787
3.558101
3.730252
2.637278
3.919234
3.612041
2.976799
3.848403
2.868836
2.687765
3.763617
3.782996
3.972067
3.368329
3.484957
3.875959
3.701776
4.734342
4.029213
3.860056
3.476357
3.128828
4.095527
2.902275
4.027848
3.500517
3.506177
3.374001
3.960452
4.325293
2.741966
2.654336
3.519097
3.826128
3.321739
3.643252
4.182990
4.158411
4.008173
3.619107
3.910065
3.921998
3.573113
1.978300
3.383886
3.853418
3.766779
2.259946
3.896716
3.665269
3.311700
2.894830
4.143088
3.927385
3.832787
3.745144
2.908538
2.896056
3.261706
4.394567
3.721895
4.740254
2.683889
3.883034
1.690417
3.128414
4.192431
2.562891
3.959355
3.915966
3.537451
3.537927
2.193137
3.001526
4.424533
4.027864
3.546839
3.945135
2.473051
3.806095
3.991645
3.241221
4.172228
4.064940
4.816639
2.480962
3.892024
3.141278
3.976963
3.810913
4.043119
3.444241
3.344499
3.851000
2.133581
3.226556
3.883094
2.913283
3.977090
3.375689
3.998149
2.947831
4.290425
3.185431
4.412992
2.264074
3.059650
3.664831
2.956578
4.247471
3.353956
3.021285
3.534812
4.049964
4.064660
4.044405
2.888220
2.512340
3.999534
2.384522
3.318592
3.533690
3.367367
3.577724
3.581995
2.693039
3.463766
2.966922
2.948453
2.482879
3.681287
1.877013
3.597079
3.865263
3.818620
4.331923
4.573435
3.453324
3.730952
4.035400
3.400698
3.514359
3.588688
3.832532
4.133611
2.709473
3.975962
3.524494
3.728242
4.815948
3.116582
3.176437
3.411001
4.034810
2.697460
3.469959
2.882960
2.973834
2.323723
2.362421
3.949417
3.824914
3.833716
4.084708
3.672340
3.761275
2.599283
4.042324
4.201162
3.179330
3.775084
2.328968
4.268497
3.841770
3.215959
3.566888
3.954031
4.410547
3.429371
3.366589
3.199294
4.391271
4.216087
3.602104
3.631744
3.346408
4.231694
3.531257
3.546218
3.226000
3.697527
3.832436
3.781616
3.507260
3.304541
4.600200
2.561527
2.459216
3.649874
3.784204
3.846246
3.563801
2.200274
1.444504
3.928009
3.147088
3.996178
3.108404
3.258364
2.886021
3.329176
3.201750
3.241993
4.238143
3.458149
3.265994
4.176190
3.830642
2.645016
4.401506
4.046960
3.548838
3.461151
3.803566
3.666514
3.187500
4.320525
3.461529
4.177673
3.439046
3.494227
3.492962
2.521733
4.106366
3.596555
3.779889
3.359465
3.107820
4.777034
3.806389
4.042081
3.031731
3.272662
3.762861
3.173870
4.101530
3.106500
3.573917
1.847036
3.370271
3.586722
3.390122
4.350461
2.897152
3.135878
4.669413
3.919497
3.714895
2.492525
3.636457
3.229946
4.180381
3.292558
3.408774
3.502036
3.561808
4.154109
4.616405
3.442420
3.825211
3.306991
3.866725
2.784819
3.495870
2.771374
4.221602
4.294910
2.812978
3.375719
3.840091
3.474542
2.237448
3.005668
3.649947
3.017947
3.423748
3.846762
4.018487
2.936570
2.981512
3.574753
3.857878
2.774731
4.904480
3.118315
3.389559
3.563054
2.480633
4.617481
3.562586
3.951180
4.727257
3.810617
2.608750
4.267522
2.658862
3.611167
4.141332
4.072035
2.754395
3.444943
3.291551
3.896992
4.087844
2.914585
3.715298
3.998755
4.007174
3.066353
3.231911
4.239700
3.546570
2.833104
4.591466
3.589791
3.544773
3.958531
3.390207
4.155119
2.424194
3.116058
3.938742
3.532574
3.846917
3.214032
3.166304
4.032079
3.548821
3.473236
1.947839
3.382290
4.166579
3.604174
3.515690
4.317843
4.523736
4.255174
3.227708
3.506175
3.645937
4.201150
3.710687
1.807241
3.337659
2.684806
2.339771
3.197063
3.737301
4.132494
3.368006
3.953499
3.803751
1.931488
3.804390
2.721512
3.619361
3.332925
3.559643
4.130161
3.096335
3.496912
3.871446
3.374003
3.632501
3.633028
3.667811
2.705416
4.311736
4.395002
3.719051
3.692053
3.254653
3.546579
3.946813
2.096305
3.600527
3.729671
1.405715
3.544150
3.255786
3.904307
3.648432
3.600137
3.597798
3.960674
3.432202
2.505825
3.990695
4.240540
3.858728
4.318617
2.544997
3.433348
4.096856
2.914174
4.496091
3.369799
3.983383
3.445366
3.514432
2.668557
4.205924
3.096745
3.843325
3.781494
4.672447
2.041060
4.267265
3.870343
3.886617
3.215985
4.094557
3.056729
3.519714
3.455709
3.900371
3.479415
3.672500
3.318113
2.942246
3.288436
4.132311
3.043936
3.032242
3.593295
3.880594
3.829528
3.453820
4.319544
3.551312
2.321262
4.469629
3.968020
3.545214
3.594834
3.373815
4.511952
4.744340
3.738051
4.438383
2.866945
4.291717
3.647775
2.035464
4.394175
3.284669
3.001404
2.654737
4.484005
3.823867
3.218109
4.412286
3.738926
3.407453
3.005663
2.977983
3.483853
2.505738
4.114051
4.229283
3.807584
3.419935
3.347060
3.545914
4.421052
3.761818
3.205877
3.601207
3.680810
3.191035
3.483560
3.621275
3.949132
2.669987
4.248052
3.163735
3.048730
3.617954
3.898634
3.680746
3.168230
3.198983
4.091682
2.334980
2.746095
3.226857
4.038404
3.812374
2.228557
4.119223
4.024205
4.380253
4.280387
3.630090
4.050370
4.439547
3.844374
3.731828
3.816703
3.468795
4.010829
3.103107
3.507152
4.268717
2.580121
3.940132
3.013435
3.607158
3.241223
4.048945
3.816197
4.407278
2.430729
2.398156
3.223263
3.525087
3.734755
3.820400
3.369086
3.526087
4.146065
3.712809
3.478055
4.265064
3.429718
4.065642
3.618294
3.556036
2.206158
2.945445
3.972780
3.839544
3.479452
3.837500
4.146969
4.054531
3.528549
3.353956
3.562830
3.405270
4.358860
3.847759
2.576700
3.290398
4.382255
4.197610
4.224810
3.747992
3.880463
3.443240
4.246513
2.899621
3.280724
2.869707
4.202524
3.263339
4.067974
4.232088
3.055319
3.645604
4.523658
3.297688
3.295352
3.404593
3.370871
4.577336
2.941487
4.264803
3.518057
3.760358
3.596439
3.985636
3.780300
3.841425
4.332373
2.486304
3.639013
3.696379
3.533489
3.118221
3.735293
3.903318
3.363066
3.540406
4.408043
2.034783
3.087294
3.484715
3.647715
3.754199
3.359131
4.089492
3.047550
3.948496
4.053313
3.342234
3.145353
3.781628
2.129468
2.461529
3.905718
3.914472
3.499124
4.614836
3.786808
3.736949
3.102381
3.503234
3.790255
3.374669
3.507360
3.930426
3.849410
4.119325
2.879372
4.312052
2.906848
3.155485
3.349517
3.976715
3.199156
4.099319
3.228377
3.321972
3.996900
3.327284
4.204599
3.118142
2.951275
2.946978
4.066292
3.335952
4.415214
2.463455
4.230533
4.023114
3.790880
4.340613
4.505761
4.204685
3.614881
3.751512
1.000000
2.806985
3.987872
4.420975
3.349155
3.734881
4.265168
3.564935
3.887490
4.067880
2.899017
4.029538
3.453700
3.006921
4.439049
3.276422
3.574218
3.021393
3.083086
3.737949
2.210969
2.517879
4.267041
3.921990
3.576727
4.019743
3.917749
4.108396
1.927851
3.754928
4.048442
2.605829
2.294155
3.829969
3.765345
3.599826
3.737092
4.068167
3.184959
3.479968
4.273319
4.461287
3.744699
3.379217
3.221387
3.030466
3.513225
4.334197
3.755398
2.734190
3.111990
3.113984
4.368668
3.232886
3.419245
3.912281
3.666626
2.365905
3.980916
4.175561
3.661798
2.911179
3.173987
4.161638
2.871078
1.270740
3.498326
2.851366
3.498211
4.246127
2.361910
3.587780
3.895135
3.610743
3.105840
3.242517
4.029436
3.007222
3.869725
2.851359
2.698126
4.642733
3.772690
3.794465
3.877854
2.999486
3.922928
2.526077
3.847325
3.178626
3.612559
3.356275
3.680850
3.140212
2.301425
3.171860
3.718964
3.901574
3.788339
4.128134
3.178656
4.100951
4.298946
3.266918
2.682186
4.300716
3.173105
2.513205
3.356347
4.224780
4.551035
3.971861
3.619076
3.673377
3.509063
4.835857
3.843482
4.309144
3.108113
3.330911
4.185503
3.685497
4.004484
4.041356
2.547502
3.702217
2.558611
3.793976
3.512261
4.150581
2.510632
4.021379
5.000000
3.618432
3.761487
3.362554
4.781764
3.273467
4.477555
3.765074
3.266211
4.320193
3.556900
4.823906
3.749545
4.145282
4.247930
3.832447
3.898310
4.191469
3.649702
3.499750
1.512330
3.397960
3.445982
3.532669
3.631149
3.872102
3.164838
3.512745
2.815655
4.069869
2.466143
3.720203
3.996508
3.717026
2.257489
3.430856
3.437926
3.303231
3.714636
2.870526
3.671756
3.714547
4.456819
1.308618
2.844545
3.903366
3.581711
4.033533
4.076530
3.416888
3.057451
3.700895
4.508013
3.421636
3.916311
3.057501
3.377403
2.595773
2.131961
4.541140
4.269994
3.612867
2.822368
3.084747
3.416511
3.596615
3.763526
4.165354
4.073809
3.111284
4.161188
4.033456
3.357769
3.738020
3.049652
3.206492
3.172888
2.681455
4.136605
2.976736
4.179073
4.100599
3.654149
2.930883
3.589373
2.960947
3.000875
2.312053
4.553842
3.027411
3.002279
3.915838
3.281348
3.972790
3.955431
4.000865
3.158953
4.216488
2.222295
3.471161
4.297079
3.592999
2.647077
3.532226
3.143558
4.156932
4.012715
3.213789
3.933890
3.781217
2.129025
3.331459
3.619953
3.278828
3.322692
3.894291
3.727470
3.855082
3.206989
4.316521
2.457125
3.449071
3.396699
3.647851
2.944004
4.044946
1.245153
4.195535
3.859018
4.716586
3.632582
3.166790
3.659560
3.329720
4.005306
3.101977
3.657497
3.896539
3.531005
2.706027
3.398893
2.626483
3.964627
3.103520
4.478481
3.464778
2.986902
4.090502
2.694687
3.731594
4.320918
3.244954
4.137367
2.013657
2.841930
3.470686
3.917855
4.214618
3.946679
4.333000
3.441861
3.371223
2.599394
3.756909
4.262816
1.654804
3.887271
3.990542
3.831243
3.822956
3.846457
4.549461
3.888887
3.509698
4.011014
2.930011
3.886521
3.534887
4.665756
2.923799
3.924257
4.593528
4.323026
3.576651
2.312022
3.696805
4.096819
4.130278
4.582884
4.215370
3.825707
3.752622
3.670070
3.890403
3.171955
4.491127
2.572195
3.819783
1.876116
3.096417
3.756797
2.960912
3.475548
2.645618
3.066120
2.280242
3.258029
3.714449
3.551342
4.338789
3.107641
3.523196
3.211293
4.421688
4.721813
4.091887
2.856312
3.678278
3.447454
3.938156
3.987832
3.939345
3.317279
3.240060
3.711237
3.401889
3.605388
3.845339
3.394320
3.397980
3.291470
3.451453
2.376792
3.299901
3.949977
3.799755
3.989552
4.003239
2.617337
3.670209
3.855865
3.196967
2.644894
2.318883
3.798618
4.005383
3.829194
3.566567
3.378924
3.221739
3.701080
3.189621
3.868194
3.544560
4.820617
3.523117
3.813927
3.942288
2.979720
3.288275
3.503834
3.360718
3.242651
3.259416
2.912516
3.512611
4.018437
3.507302
3.999745
4.408954
3.534246
3.523653
3.325931
3.675398
4.437929
3.602536
2.664907
3.723283
3.630321
3.332594
2.447835
3.946402
4.061586
3.854764
4.341485
3.604861
3.824916
4.732126
3.402277
4.090614
3.621340
3.339628
4.408884
3.371747
3.582095
4.583068
1.783561
4.716957
3.413687
2.929430
3.072010
3.583399
3.502140
3.690419
3.963578
3.848066
3.102068
4.402779
3.204729
2.551667
1.947044
3.919029
3.866686
3.667921
3.852897
3.088518
4.028961
3.564341
4.302030
3.632265
4.278404
3.744952
3.292016
3.641567
3.829000
4.215120
4.061363
2.360376
4.098588
3.972426
3.696387
4.682939
3.482903
3.093762
3.895484
3.188042
3.365102
3.933156
3.092852
3.496810
4.277639
3.305844
3.184797
4.565601
3.091405
3.897502
2.264562
2.658979
2.801402
3.077630
3.914508
3.677026
4.243166
3.573958
3.282576
3.406713
4.107881
2.255177
4.285318
3.694298
3.977697
3.891685
4.169316
3.392696
3.055734
2.939046
3.152333
2.226891
4.033300
1.823862
3.489068
3.100578
4.001979
3.071450
3.445313
3.258310
3.555737
3.709499
3.016457
3.903026
4.136913
3.522963
2.688571
3.996363
3.951171
1.934439
4.200427
3.977731
3.724993
3.780406
3.830081
3.563699
3.838497
3.625655
3.702532
4.203511
3.031685
3.701015
3.710199
2.319023
4.424493
3.800491
2.848913
3.977964
1.481283
3.754053
3.735221
3.527569
3.873196
3.267737
2.072036
1.661895
3.862322
4.653828
4.192085
2.562925
3.089769
3.357803
3.797534
4.152096
3.524102
3.492414
3.236329
2.967524
3.502720
4.144028
2.748465
4.218789
4.056312
3.752579
4.478633
4.590211
4.053911
3.104319
3.102300
3.991268
3.251293
4.069114
3.809417
3.978614
4.744318
3.300613
3.125349
3.097727
3.641714
4.415065
2.971334
3.469836
2.947311
3.932027
4.044659
3.903197
3.903912
2.361270
3.296966
3.640585
3.310579
3.754646
2.625776
4.348161
3.623772
3.816359
4.236627
4.124254
3.227133
3.844869
3.564564
3.849117
3.937834
2.826996
3.187747
3.765681
3.768610
2.533042
3.761039
1.932484
3.892036
2.735968
3.867479
4.370381
3.763186
1.970865
2.184962
3.647348
4.164499
2.706067
3.487391
2.851563
3.588963
4.322592
3.744849
2.479917
3.908993
3.131332
4.523059
4.150461
2.985029
3.248166
3.426462
4.078042
3.257356
4.128432
2.737950
4.264498
3.713152
3.059731
3.700501
4.017609
3.785618
4.242084
3.330406
3.433712
4.443984
3.359084
3.812488
3.715289
2.908108
3.101688
2.281319
3.189279
4.037405
3.893444
4.144803
3.929441
3.487126
4.137137
3.745324
3.101190
3.702168
3.823977
3.317642
4.210875
3.714522
4.500675
3.047233
4.539694
2.953991
4.141231
3.642126
4.500644
4.631442
3.475161
3.276506
3.836096
3.800273
4.396130
3.896424
2.703665
3.764756
2.573916
3.704322
3.821040
2.064012
3.522817
2.745404
3.264857
3.440720
3.649832
3.725608
4.028942
2.557058
3.712106
4.148045
3.445612
2.888663
3.064517
4.400748
3.347430
4.176148
3.242159
4.169853
4.090196
3.182945
3.627049
3.582322
3.529038
2.878112
3.440897
3.864775
3.847577
3.986122
3.878531
3.605454
3.704158
3.624648
3.136245
4.104321
3.643973
3.786987
3.969878
4.423747
1.582311
3.085697
4.044069
4.163409
2.246635
4.307435
3.640478
3.447324
2.342025
4.093751
3.879535
2.363400
3.665394
3.842929
4.373444
3.754228
3.091037
3.213176
3.725354
3.979906
3.626252
4.123953
3.410335
4.100413
3.819034
3.643130
3.769880
3.315153
3.776246
3.384168
4.123582
2.198977
4.259180
2.770792
3.893845
3.815169
2.981368
4.140213
4.026898
3.707582
3.035263
3.880915
4.218220
3.133129
3.363764
3.141626
2.529708
2.805188
2.620637
4.048353
3.775899
3.479343
3.563215
3.201983
3.168593
2.475730
4.197657
3.420979
3.832690
3.205672
3.574297
2.839518
3.589866
3.730299
3.830263
3.386651
3.461295
4.109964
3.518438
3.734949
3.837293
3.445132
3.375814
3.794376
4.216480
4.100931
4.387557
3.687695
3.574505
3.434149
3.908207
3.303876
2.701273
3.824736
2.951479
2.784342
4.223349
4.033768
3.104773
4.160115
4.324926
2.311292
2.443783
4.397039
3.317546
3.201160
3.506090
4.447442
2.931861
2.927293
2.442550
3.962695
3.040346
4.052300
3.232949
3.384608
3.942435
2.316202
3.767684
3.753103
3.385360
3.773047
3.190802
4.541028
3.711973
2.823494
4.442525
3.765189
3.517635
2.586192
3.856681
2.755433
4.706499
3.506218
3.601899
3.024446
3.869771
2.874384
2.304466
2.958960
3.676741
3.178559
3.568451
1.895414
3.430894
2.993459
1.971926
3.723814
4.222208
3.956457
3.571142
4.550103
4.366890
3.651457
4.251730
4.171448
3.201069
2.909750
